1 0.3125 0.29140625 0.11484375 0.18671875
1 0.44140625 0.29609375 0.11171875 0.19296875
1 0.5703125 0.29375 0.10546875 0.1984375
1 0.70078125 0.290625 0.11328125 0.1890625
1 0.8328125 0.29453125 0.11796875 0.2
1 0.828125 0.521875 0.1125 0.1890625
1 0.83203125 0.75 0.109375 0.20703125
1 0.696875 0.5203125 0.10625 0.19296875
1 0.6984375 0.74296875 0.11328125 0.2109375
1 0.56796875 0.73984375 0.10703125 0.209375
1 0.4375 0.73515625 0.11484375 0.20390625
1 0.43984375 0.51328125 0.11015625 0.19609375
1 0.3140625 0.5140625 0.10703125 0.2015625
1 0.30859375 0.73359375 0.10625 0.19609375