1 0.36171875 0.65390625 0.11015625 0.17421875
0 0.3640625 0.225 0.103125 0.19453125
0 0.36484375 0.440625 0.1 0.1890625
0 0.4875 0.23046875 0.10859375 0.17578125
0 0.484375 0.4484375 0.10234375 0.18515625
0 0.48046875 0.65859375 0.09921875 0.190625
0 0.60546875 0.23515625 0.10546875 0.18125
0 0.734375 0.24453125 0.11015625 0.18515625
0 0.72890625 0.45078125 0.1 0.18671875
0 0.60078125 0.66171875 0.10546875 0.18359375
0 0.725 0.6609375 0.10625 0.18515625
0 0.84296875 0.66328125 0.1 0.1890625
0 0.85390625 0.459375 0.10859375 0.18125
1 0.8671875 0.24296875 0.11796875 0.1890625