1 0.19375 0.803125 0.16875 0.2390625
1 0.27890625 0.55859375 0.1859375 0.2
1 0.37265625 0.325 0.1734375 0.20546875
1 0.48203125 0.5609375 0.1703125 0.21640625
1 0.3828125 0.8015625 0.175 0.2140625
1 0.58125 0.7984375 0.16875 0.2140625
1 0.58359375 0.31953125 0.1890625 0.23359375
1 0.80234375 0.328125 0.2078125 0.221875
1 0.6859375 0.58046875 0.19375 0.23359375
1 0.771875 0.80703125 0.19375 0.2140625
1 0.896875 0.578125 0.18125 0.21640625
1 0.93984375 0.7984375 0.1203125 0.203125
0 0.175 0.3375 0.171875 0.2359375