1 0.70703125 0.59140625 0.11953125 0.1609375
0 0.70234375 0.25546875 0.128125 0.16640625
0 0.5640625 0.25703125 0.12578125 0.16640625
0 0.63515625 0.425 0.121875 0.15703125
0 0.49609375 0.43125 0.121875 0.159375
0 0.565625 0.5890625 0.12109375 0.140625
0 0.428125 0.590625 0.12265625 0.1484375
0 0.365625 0.43046875 0.12109375 0.15703125
0 0.42734375 0.2640625 0.11640625 0.16484375
0 0.30390625 0.2796875 0.11171875 0.14453125
0 0.18359375 0.296875 0.10390625 0.1390625
0 0.2328125 0.43125 0.115625 0.140625
0 0.15 0.5984375 0.1125 0.1703125
0 0.29296875 0.58828125 0.11875 0.1796875