0 0.18828125 0.3 0.1640625 0.21640625
0 0.37265625 0.275 0.1671875 0.23359375
0 0.56171875 0.2515625 0.1734375 0.225
0 0.484375 0.49296875 0.1625 0.19140625
0 0.4046875 0.73203125 0.1625 0.2140625
0 0.58671875 0.70859375 0.1609375 0.23359375
0 0.2171875 0.759375 0.171875 0.225
0 0.303125 0.50859375 0.16875 0.2
1 0.74921875 0.225 0.1671875 0.24453125
1 0.93125 0.20703125 0.1375 0.246875
1 0.665625 0.471875 0.15 0.23359375
1 0.86171875 0.453125 0.1921875 0.2109375
1 0.77734375 0.684375 0.1640625 0.2359375