1 0.18359375 0.271875 0.08984375 0.16484375
1 0.328125 0.28671875 0.109375 0.13203125
1 0.4703125 0.27109375 0.103125 0.14609375
1 0.61875 0.275 0.109375 0.1296875
1 0.77265625 0.28125 0.10625 0.134375
1 0.775 0.42578125 0.08984375 0.12578125
1 0.76796875 0.64453125 0.09140625 0.12578125
1 0.76875 0.796875 0.1109375 0.14609375
1 0.6359375 0.796875 0.1046875 0.1421875
1 0.6265625 0.6421875 0.08828125 0.14609375
1 0.6265625 0.4296875 0.1125 0.1421875
1 0.4734375 0.425 0.09765625 0.128125
1 0.3234375 0.421875 0.09765625 0.1171875
1 0.1828125 0.4296875 0.09453125 0.1296875
1 0.18046875 0.64609375 0.1046875 0.121875
1 0.18359375 0.79453125 0.08984375 0.134375
1 0.32578125 0.64609375 0.09609375 0.13828125
1 0.47578125 0.6484375 0.09921875 0.13828125
1 0.47421875 0.80390625 0.09921875 0.13984375
1 0.325 0.79609375 0.1 0.13984375