1 0.3328125 0.253125 0.07734375 0.0875
1 0.4203125 0.3 0.05625 0.09296875
1 0.4984375 0.34921875 0.0546875 0.08515625
1 0.5796875 0.39609375 0.059375 0.09140625
1 0.6578125 0.44296875 0.06796875 0.0890625
1 0.73359375 0.48984375 0.065625 0.0890625
1 0.809375 0.53359375 0.065625 0.096875
1 0.77265625 0.64140625 0.065625 0.0953125
1 0.73203125 0.75078125 0.059375 0.0828125
1 0.65390625 0.6984375 0.0625 0.0890625
1 0.69609375 0.59921875 0.0546875 0.1046875
1 0.6203125 0.5515625 0.0578125 0.0890625
1 0.57421875 0.6546875 0.0546875 0.0890625
1 0.5046875 0.61328125 0.053125 0.09296875
1 0.5390625 0.50234375 0.05625 0.08515625
1 0.459375 0.465625 0.05625 0.09140625
1 0.37890625 0.4109375 0.065625 0.08125
1 0.34453125 0.52265625 0.05625 0.0953125
1 0.42109375 0.56953125 0.04921875 0.08515625
1 0.26171875 0.48046875 0.06796875 0.08125
1 0.29453125 0.3625 0.05234375 0.09140625