0 0.1578125 0.21328125 0.10390625 0.13359375
0 0.29375 0.21484375 0.125 0.1359375
0 0.440625 0.21640625 0.10234375 0.13203125
0 0.58359375 0.21484375 0.10703125 0.13984375
0 0.721875 0.21875 0.115625 0.153125
0 0.7953125 0.36328125 0.09375 0.14453125
0 0.7203125 0.50546875 0.0953125 0.12734375
0 0.79453125 0.64921875 0.0953125 0.1546875
0 0.71640625 0.78359375 0.10546875 0.13984375
0 0.64921875 0.64375 0.0921875 0.12734375
0 0.65234375 0.35859375 0.10078125 0.13203125
0 0.5125 0.35703125 0.0953125 0.1359375
0 0.440625 0.4984375 0.10859375 0.1421875
0 0.509375 0.64453125 0.0953125 0.13359375
0 0.5796875 0.7828125 0.10703125 0.13359375
0 0.43515625 0.78203125 0.10390625 0.14453125
0 0.36796875 0.634375 0.096875 0.13828125
0 0.2953125 0.77734375 0.0953125 0.13984375
0 0.2234375 0.63515625 0.09921875 0.13203125
0 0.3046875 0.50234375 0.11015625 0.1296875
0 0.37421875 0.35546875 0.10078125 0.13359375
0 0.23046875 0.3546875 0.11328125 0.13203125
0 0.153125 0.49140625 0.0953125 0.1421875
0 0.15859375 0.775 0.10390625 0.17421875
1 0.58125 0.5015625 0.090625 0.1359375