1 0.69140625 0.275 0.08203125 0.20703125
1 0.80859375 0.28515625 0.09375 0.2359375
1 0.7921875 0.5078125 0.084375 0.22265625
1 0.69140625 0.5015625 0.084375 0.24921875
1 0.5796875 0.4859375 0.07890625 0.22265625
0 0.59765625 0.27109375 0.0875 0.1984375
0 0.2 0.25625 0.090625 0.1875
0 0.30234375 0.25703125 0.08203125 0.21171875
0 0.39140625 0.25625 0.07890625 0.21796875
0 0.48984375 0.25703125 0.10859375 0.203125
0 0.48203125 0.47890625 0.09375 0.2046875
0 0.3796875 0.47578125 0.10234375 0.1890625
0 0.271875 0.4734375 0.0828125 0.203125
0 0.17421875 0.47265625 0.096875 0.22265625