1 0.1859375 0.77109375 0.0453125 0.06640625
1 0.25078125 0.765625 0.05 0.0609375
1 0.37578125 0.7609375 0.0390625 0.05234375
1 0.4375 0.759375 0.0453125 0.0609375
1 0.44140625 0.85234375 0.0453125 0.0546875
1 0.3171875 0.8578125 0.04765625 0.06640625
1 0.19296875 0.86484375 0.05234375 0.06328125
1 0.13046875 0.26640625 0.05234375 0.08125
1 0.13203125 0.1578125 0.0609375 0.08984375
1 0.20625 0.16328125 0.05625 0.078125
1 0.2734375 0.275 0.078125 0.08671875
1 0.33828125 0.171875 0.0734375 0.08359375
1 0.41484375 0.18203125 0.05234375 0.08125
1 0.41484375 0.2890625 0.06484375 0.08671875
1 0.175 0.43125 0.071875 0.06953125
1 0.184375 0.57578125 0.06484375 0.06328125
1 0.21171875 0.5078125 0.05390625 0.06640625
1 0.23359375 0.428125 0.0453125 0.075
1 0.29375 0.42578125 0.05859375 0.0828125
1 0.3609375 0.428125 0.06875 0.06953125
1 0.421875 0.43125 0.05859375 0.06953125
1 0.390625 0.50078125 0.04375 0.06953125
1 0.421875 0.57578125 0.05390625 0.06953125
1 0.33515625 0.5046875 0.06328125 0.06640625
1 0.27109375 0.5125 0.0609375 0.06953125
1 0.2453125 0.58125 0.06484375 0.075
1 0.30625 0.58125 0.05625 0.075
1 0.365625 0.57578125 0.05859375 0.075