1 0.45 0.43671875 0.0890625 0.03984375
1 0.575 0.43828125 0.08359375 0.04375
1 0.5765625 0.49375 0.08046875 0.04609375
1 0.45 0.490625 0.078125 0.04375
1 0.4515625 0.54765625 0.08046875 0.04140625
1 0.578125 0.54765625 0.0890625 0.04140625
1 0.58359375 0.60234375 0.08359375 0.05
1 0.58203125 0.66640625 0.103125 0.04140625
1 0.59453125 0.73828125 0.0890625 0.05234375
1 0.6 0.80859375 0.0890625 0.05
1 0.44453125 0.80859375 0.1 0.05
1 0.44296875 0.73671875 0.09140625 0.05234375
1 0.4515625 0.66796875 0.0859375 0.05234375
1 0.4515625 0.603125 0.08046875 0.04765625