1 0.0828125 0.12890625 0.128125 0.0546875
1 0.0984375 0.20078125 0.090625 0.0546875
1 0.2296875 0.1375 0.109375 0.053125
1 0.3640625 0.14609375 0.096875 0.0546875
1 0.4859375 0.14921875 0.103125 0.0578125
1 0.4875 0.21328125 0.1 0.0515625
1 0.36875 0.2109375 0.1125 0.053125
1 0.2359375 0.20625 0.109375 0.05625
1 0.7328125 0.2515625 0.121875 0.109375
1 0.734375 0.38203125 0.14375 0.1015625
1 0.921875 0.3875 0.1375 0.1
1 0.4953125 0.3234375 0.128125 0.06875
1 0.5265625 0.45859375 0.140625 0.0578125
1 0.15 0.33359375 0.1375 0.0859375
1 0.1796875 0.4765625 0.128125 0.078125
1 0.290625 0.5640625 0.10625 0.071875
1 0.4625 0.571875 0.125 0.0625
1 0.621875 0.571875 0.11875 0.065625
1 0.7734375 0.5765625 0.115625 0.065625
1 0.7484375 0.65859375 0.109375 0.0640625
1 0.6140625 0.6625 0.128125 0.0625
1 0.459375 0.66875 0.1375 0.071875
1 0.278125 0.66484375 0.125 0.0703125
1 0.3265625 0.74921875 0.109375 0.0828125
1 0.45 0.75546875 0.125 0.0640625
1 0.5734375 0.75078125 0.134375 0.0671875
1 0.696875 0.75078125 0.1125 0.0703125
1 0.3359375 0.96171875 0.115625 0.0671875
1 0.4703125 0.953125 0.128125 0.065625
1 0.6203125 0.93515625 0.134375 0.0796875
1 0.478125 0.87421875 0.125 0.0703125
1 0.33125 0.8796875 0.11875 0.075
0 0.94375 0.26796875 0.10625 0.0890625
0 0.6078125 0.86015625 0.121875 0.0640625
0 0.7484375 0.8578125 0.115625 0.071875
0 0.8703125 0.85390625 0.115625 0.0640625
0 0.859375 0.925 0.11875 0.059375
0 0.73125 0.92890625 0.10625 0.0671875