1 0.3625 0.34453125 0.08046875 0.05625
1 0.35859375 0.41015625 0.06640625 0.05390625
1 0.440625 0.34609375 0.0859375 0.05859375
1 0.44140625 0.409375 0.0609375 0.05625
1 0.52890625 0.34921875 0.075 0.05625
1 0.60703125 0.35078125 0.075 0.05625
1 0.528125 0.4125 0.071875 0.05859375
1 0.609375 0.4125 0.0640625 0.04140625
1 0.69609375 0.41171875 0.0859375 0.05234375
1 0.60390625 0.471875 0.0859375 0.05234375
1 0.51640625 0.52734375 0.06640625 0.05
1 0.5140625 0.58828125 0.06640625 0.05625
1 0.609375 0.525 0.075 0.05390625
1 0.6984375 0.528125 0.08046875 0.04765625
1 0.70859375 0.59453125 0.09453125 0.05234375
0 0.60546875 0.59375 0.0890625 0.0625
0 0.69609375 0.35078125 0.08046875 0.06015625
0 0.6984375 0.47109375 0.09140625 0.05859375