1 0.34609375 0.2484375 0.11875 0.0453125
1 0.47734375 0.225 0.11015625 0.05390625
1 0.59609375 0.18671875 0.12734375 0.05234375
1 0.37890625 0.30625 0.115625 0.05234375
1 0.6296875 0.25078125 0.12421875 0.05390625
1 0.65859375 0.3171875 0.1359375 0.0609375
1 0.53515625 0.346875 0.12734375 0.05234375
1 0.40625 0.37734375 0.1359375 0.06484375
1 0.5671875 0.4078125 0.121875 0.06953125
1 0.72734375 0.440625 0.153125 0.0609375
1 0.471875 0.50859375 0.121875 0.05859375
1 0.63203125 0.53828125 0.1359375 0.05234375
1 0.665625 0.60859375 0.12734375 0.0671875
1 0.8 0.57421875 0.14140625 0.05859375
1 0.84453125 0.6421875 0.14453125 0.05625
1 0.88359375 0.71796875 0.14140625 0.0609375
1 0.75546875 0.76171875 0.1328125 0.06484375
1 0.57578125 0.725 0.14453125 0.06953125
1 0.53828125 0.64765625 0.15078125 0.0671875
1 0.61640625 0.79765625 0.1328125 0.06328125