1 0.19140625 0.29921875 0.225 0.10234375
1 0.19375 0.409375 0.22109375 0.09375
1 0.49375 0.30546875 0.19609375 0.10234375
1 0.77734375 0.303125 0.20390625 0.08984375
1 0.77890625 0.39921875 0.2 0.09765625
1 0.80625 0.50703125 0.24609375 0.10234375
1 0.825 0.61328125 0.24140625 0.10234375
1 0.84375 0.74765625 0.22890625 0.12890625
1 0.50390625 0.628125 0.225 0.10625
1 0.51640625 0.753125 0.21640625 0.12265625
1 0.48984375 0.509375 0.19609375 0.10234375
1 0.48984375 0.40703125 0.20390625 0.09765625
1 0.19765625 0.51328125 0.22890625 0.09765625
1 0.18984375 0.63203125 0.2375 0.10625
1 0.18984375 0.76171875 0.2375 0.11875