1 0.36328125 0.28203125 0.18203125 0.14296875
1 0.7 0.29375 0.16171875 0.1234375
1 0.53203125 0.36015625 0.1734375 0.1171875
1 0.71015625 0.434375 0.17109375 0.1125
1 0.71015625 0.56953125 0.16484375 0.128125
1 0.71171875 0.7109375 0.16796875 0.128125
1 0.71640625 0.8546875 0.16484375 0.134375
1 0.53828125 0.78671875 0.16171875 0.13203125
1 0.53828125 0.6453125 0.16171875 0.13203125
1 0.5453125 0.50546875 0.16484375 0.1171875
1 0.36015625 0.425 0.18203125 0.13046875
1 0.36328125 0.571875 0.159375 0.1453125
1 0.371875 0.72265625 0.18828125 0.121875
1 0.371875 0.86875 0.17109375 0.13671875