1 0.1140625 0.50703125 0.078125 0.08046875
1 0.1390625 0.60234375 0.06953125 0.08046875
1 0.14140625 0.6984375 0.06953125 0.0828125
1 0.22734375 0.69140625 0.06640625 0.084375
1 0.3140625 0.6828125 0.06640625 0.08046875
1 0.30234375 0.5890625 0.06640625 0.084375
1 0.20703125 0.503125 0.078125 0.078125
1 0.29765625 0.4984375 0.06953125 0.084375
1 0.3921875 0.58125 0.08359375 0.0828125
1 0.4671875 0.48828125 0.07265625 0.0828125
1 0.546875 0.57265625 0.06328125 0.078125
1 0.490625 0.66484375 0.06640625 0.07578125
1 0.61484375 0.478125 0.07265625 0.0890625
1 0.69140625 0.4765625 0.06328125 0.09296875
1 0.77421875 0.47109375 0.0609375 0.08671875
1 0.778125 0.55546875 0.075 0.0734375
1 0.796875 0.6421875 0.08359375 0.0734375
1 0.71640625 0.646875 0.07265625 0.078125
1 0.63828125 0.6546875 0.078125 0.08046875
1 0.625 0.56640625 0.075 0.0828125