1 0.36640625 0.321875 0.14453125 0.08515625
1 0.528125 0.340625 0.1109375 0.08515625
1 0.3609375 0.39609375 0.128125 0.07109375
1 0.5234375 0.409375 0.11953125 0.06015625
1 0.525 0.48046875 0.121875 0.06484375
1 0.525 0.55859375 0.11640625 0.075
1 0.515625 0.63671875 0.125 0.06875
1 0.5125 0.70859375 0.14140625 0.08359375
1 0.503125 0.803125 0.128125 0.09765625
1 0.3265625 0.8 0.15859375 0.10390625
1 0.32890625 0.7 0.146875 0.0875
1 0.346875 0.61640625 0.13359375 0.07890625
1 0.35 0.53984375 0.15 0.06640625
1 0.359375 0.46875 0.146875 0.075