1 0.55546875 0.25703125 0.121875 0.05390625
1 0.67734375 0.26796875 0.10390625 0.05390625
1 0.79140625 0.28125 0.10703125 0.0453125
1 0.79140625 0.334375 0.11875 0.04765625
1 0.7828125 0.3984375 0.11875 0.05859375
1 0.67265625 0.3953125 0.0953125 0.05625
1 0.56171875 0.3265625 0.0984375 0.05390625
1 0.55 0.38515625 0.115625 0.05390625
1 0.665625 0.4578125 0.09296875 0.05625
1 0.7828125 0.52265625 0.1015625 0.04765625
1 0.6640625 0.5765625 0.10703125 0.05
1 0.55859375 0.51328125 0.11015625 0.05859375
1 0.5421875 0.6421875 0.1125 0.04765625
1 0.66875 0.646875 0.09296875 0.04765625
1 0.7765625 0.64453125 0.1125 0.05234375
1 0.77578125 0.70859375 0.12734375 0.06328125
1 0.7796875 0.77265625 0.10703125 0.05234375
1 0.6625 0.775 0.115625 0.05234375
1 0.55 0.7109375 0.11015625 0.05
1 0.5421875 0.78359375 0.11875 0.05625