1 0.26015625 0.27578125 0.08203125 0.10703125
1 0.34921875 0.2828125 0.0734375 0.0875
1 0.4375 0.28125 0.08046875 0.09609375
1 0.52421875 0.28203125 0.0734375 0.0984375
1 0.6109375 0.28125 0.09296875 0.1046875
1 0.70625 0.27890625 0.08828125 0.1046875
1 0.74765625 0.384375 0.08203125 0.09375
1 0.6546875 0.3859375 0.07890625 0.10078125
1 0.5671875 0.3890625 0.0765625 0.09375
1 0.30546875 0.38125 0.08828125 0.1046875
1 0.3953125 0.38671875 0.071875 0.08515625
1 0.4796875 0.384375 0.08515625 0.09375
1 0.2609375 0.49375 0.0734375 0.10234375
1 0.26484375 0.68359375 0.06875 0.0984375
1 0.309375 0.5875 0.0734375 0.08515625
1 0.69765625 0.49375 0.071875 0.08984375
1 0.74296875 0.59375 0.08828125 0.08984375
1 0.69453125 0.69375 0.08203125 0.10078125
1 0.60859375 0.69375 0.08046875 0.0921875
1 0.52109375 0.6921875 0.0765625 0.10234375
1 0.4375 0.68671875 0.08359375 0.09609375
1 0.353125 0.68984375 0.08515625 0.10234375
1 0.3953125 0.58515625 0.06875 0.09375
1 0.48125 0.584375 0.08515625 0.1046875
1 0.56875 0.59609375 0.0703125 0.0984375
1 0.65 0.5921875 0.08828125 0.08984375
1 0.61015625 0.49375 0.07890625 0.08984375
1 0.5203125 0.4921875 0.07890625 0.08359375
1 0.43828125 0.48828125 0.09140625 0.0875
1 0.35 0.48828125 0.07890625 0.0921875