1 0.2515625 0.16953125 0.08125 0.05234375
1 0.35 0.1625 0.08125 0.05234375
1 0.346875 0.225 0.08125 0.05
1 0.35625 0.28515625 0.075 0.05
1 0.346875 0.3453125 0.09296875 0.04765625
1 0.3484375 0.40390625 0.078125 0.04375
1 0.24296875 0.4015625 0.08671875 0.05625
1 0.67890625 0.14453125 0.06640625 0.04140625
1 0.778125 0.184375 0.09296875 0.04765625
1 0.7796875 0.27890625 0.08984375 0.04140625
1 0.77421875 0.36796875 0.07265625 0.05390625
1 0.67421875 0.41875 0.08671875 0.04765625
1 0.67578125 0.3265625 0.07265625 0.05390625
1 0.67578125 0.2390625 0.078125 0.05234375