1 0.36328125 0.40078125 0.10625 0.14765625
1 0.48828125 0.39765625 0.1 0.14140625
1 0.6046875 0.390625 0.11484375 0.1328125
1 0.728125 0.3734375 0.10625 0.15078125
1 0.84765625 0.36640625 0.1109375 0.14140625
1 0.7953125 0.52109375 0.10625 0.15078125
1 0.68125 0.5296875 0.121875 0.14453125
1 0.56328125 0.53515625 0.1109375 0.1390625
1 0.4375 0.5484375 0.1234375 0.14140625
1 0.37734375 0.7015625 0.1171875 0.153125
1 0.49921875 0.69296875 0.10859375 0.153125
1 0.625 0.6828125 0.1125 0.15078125
1 0.7515625 0.67734375 0.11953125 0.15625
1 0.86796875 0.66953125 0.1 0.14140625