1 0.4453125 0.33984375 0.075 0.0453125
1 0.63046875 0.35625 0.10390625 0.05234375
1 0.53828125 0.34921875 0.08125 0.05234375
1 0.53515625 0.44609375 0.08125 0.05390625
1 0.53125 0.496875 0.08984375 0.04375
1 0.6234375 0.54765625 0.0953125 0.0453125
1 0.525 0.59140625 0.10703125 0.0453125
1 0.43828125 0.540625 0.0953125 0.05234375
1 0.61953125 0.646875 0.09296875 0.04765625
1 0.61171875 0.6953125 0.08984375 0.04140625
1 0.6203125 0.7453125 0.1015625 0.04140625
1 0.63046875 0.45546875 0.08671875 0.04375
1 0.625 0.4078125 0.10390625 0.04765625
1 0.4515625 0.396875 0.10390625 0.0390625
1 0.4484375 0.446875 0.09296875 0.04765625
1 0.43671875 0.63984375 0.08125 0.04375
1 0.428125 0.69453125 0.08671875 0.0390625
1 0.4265625 0.746875 0.078125 0.0390625
1 0.51640625 0.7421875 0.08359375 0.04375
1 0.525 0.64375 0.078125 0.0453125