1 0.4265625 0.259375 0.06640625 0.0671875
1 0.95234375 0.32734375 0.05234375 0.0734375
1 0.93203125 0.3984375 0.06953125 0.0671875
1 0.93046875 0.47109375 0.06640625 0.06484375
1 0.84765625 0.45703125 0.0578125 0.071875
1 0.77109375 0.446875 0.0609375 0.0734375
1 0.79453125 0.37890625 0.04921875 0.05859375
1 0.875 0.3203125 0.04921875 0.07578125
1 0.80859375 0.31328125 0.0609375 0.0671875
1 0.684375 0.29765625 0.0609375 0.06953125
1 0.7265625 0.3734375 0.0578125 0.0609375
1 0.6421875 0.4296875 0.06953125 0.05625
1 0.6015625 0.35390625 0.06328125 0.06953125
1 0.5625 0.2796875 0.04921875 0.0734375
1 0.49453125 0.27265625 0.06953125 0.071875
1 0.409375 0.32734375 0.0609375 0.05625
1 0.53515625 0.34609375 0.08125 0.0671875
1 0.51640625 0.4109375 0.0609375 0.05859375
1 0.4515625 0.39921875 0.0578125 0.06484375
1 0.3921875 0.39375 0.0546875 0.05859375