1 0.63984375 0.25078125 0.14453125 0.0671875
1 0.5046875 0.24296875 0.1359375 0.0734375
1 0.36484375 0.228125 0.12734375 0.06953125
1 0.371875 0.30703125 0.12421875 0.06328125
1 0.36484375 0.3828125 0.14453125 0.05859375
1 0.49921875 0.384375 0.12421875 0.0609375
1 0.6453125 0.3859375 0.12734375 0.05625
1 0.628125 0.31796875 0.1328125 0.05859375
1 0.503125 0.459375 0.121875 0.05859375
1 0.36171875 0.521875 0.12734375 0.05859375
1 0.6421875 0.528125 0.1328125 0.05859375
1 0.4890625 0.59140625 0.121875 0.06328125
1 0.6265625 0.66875 0.12421875 0.0609375
1 0.63046875 0.73671875 0.121875 0.05859375
1 0.628125 0.8125 0.115625 0.05390625
1 0.49296875 0.8140625 0.1359375 0.0609375
1 0.49609375 0.6640625 0.11875 0.05234375
1 0.3484375 0.66953125 0.13046875 0.06328125
1 0.3515625 0.74453125 0.14140625 0.05234375
1 0.3515625 0.82578125 0.14140625 0.06328125