1 0.08828125 0.29765625 0.08984375 0.10390625
1 0.08125 0.52109375 0.08125 0.1
1 0.04375 0.4015625 0.06328125 0.1
1 0.18046875 0.33203125 0.078125 0.10390625
1 0.7078125 0.49609375 0.0609375 0.08046875
1 0.6625 0.571875 0.06953125 0.07578125
1 0.63203125 0.653125 0.07265625 0.06484375
1 0.56875 0.6390625 0.06640625 0.07578125
1 0.49296875 0.62421875 0.0609375 0.07578125
1 0.53828125 0.53515625 0.06953125 0.07578125
1 0.63671875 0.4734375 0.06328125 0.0953125
1 0.57578125 0.45 0.06328125 0.084375
1 0.43515625 0.4125 0.07265625 0.078125
1 0.271875 0.35625 0.08125 0.078125
1 0.21953125 0.44609375 0.08125 0.0890625
1 0.3125 0.471875 0.08125 0.084375
1 0.46328125 0.515625 0.06953125 0.08046875
1 0.3484375 0.58125 0.078125 0.08671875
1 0.178125 0.54453125 0.07265625 0.09140625