1 0.36484375 0.3515625 0.10859375 0.11875
1 0.47734375 0.34296875 0.1 0.13046875
1 0.575 0.328125 0.09140625 0.13046875
1 0.67734375 0.315625 0.09140625 0.12734375
1 0.7734375 0.30390625 0.084375 0.1328125
1 0.734375 0.434375 0.09296875 0.115625
1 0.78671875 0.54375 0.084375 0.12734375
1 0.69765625 0.5640625 0.10234375 0.12734375
1 0.5953125 0.57421875 0.0890625 0.13046875
1 0.49296875 0.590625 0.0828125 0.1328125
1 0.4296875 0.4703125 0.1 0.12421875
1 0.53203125 0.45703125 0.10390625 0.121875
1 0.6390625 0.4453125 0.10625 0.121875
1 0.3828125 0.60625 0.10625 0.1359375