1 0.1453125 0.246875 0.17109375 0.09609375
1 0.3140625 0.25 0.16328125 0.0984375
1 0.48515625 0.24375 0.15859375 0.0984375
1 0.659375 0.24921875 0.175 0.11328125
1 0.65234375 0.35859375 0.16015625 0.08515625
1 0.65 0.45859375 0.16796875 0.10078125
1 0.65390625 0.56640625 0.16953125 0.10234375
1 0.64921875 0.6734375 0.1734375 0.08515625
1 0.4828125 0.35390625 0.15859375 0.0875
1 0.48203125 0.45390625 0.15390625 0.0921875
1 0.48359375 0.56640625 0.15703125 0.08984375
1 0.48515625 0.67421875 0.17109375 0.10078125
1 0.3171875 0.35234375 0.15703125 0.08984375
1 0.3203125 0.45390625 0.16328125 0.0921875
1 0.3171875 0.5578125 0.16328125 0.08984375
1 0.31484375 0.66796875 0.15234375 0.09609375
1 0.1453125 0.3515625 0.16796875 0.08359375
1 0.1515625 0.446875 0.14609375 0.08984375
1 0.1484375 0.553125 0.16171875 0.08125
1 0.146875 0.66171875 0.15546875 0.09609375