0 0.178125 0.16875 0.18984375 0.16171875
0 0.38046875 0.16875 0.18046875 0.165625
0 0.62734375 0.16875 0.178125 0.15703125
0 0.83359375 0.175 0.1609375 0.16953125
0 0.1765625 0.346875 0.16796875 0.146875
0 0.38359375 0.346875 0.1828125 0.15546875
0 0.625 0.3546875 0.19765625 0.16171875
0 0.83125 0.35 0.17578125 0.14921875
0 0.171875 0.51953125 0.1875 0.15703125
0 0.37734375 0.521875 0.1953125 0.165625
0 0.6265625 0.525 0.18046875 0.15078125
0 0.828125 0.525 0.17578125 0.15546875
0 0.17265625 0.69453125 0.18515625 0.146875
0 0.3765625 0.696875 0.17265625 0.15078125
0 0.625 0.69375 0.16796875 0.1453125
0 0.83359375 0.6984375 0.18515625 0.15078125
0 0.17421875 0.86484375 0.1828125 0.16953125
0 0.375 0.87109375 0.165625 0.165625
0 0.62890625 0.8734375 0.17578125 0.16171875
0 0.8296875 0.86796875 0.178125 0.159375