0 0.2296875 0.25625 0.1234375 0.08046875
0 0.2296875 0.34375 0.12109375 0.08046875
0 0.23203125 0.4296875 0.11953125 0.078125
0 0.2328125 0.515625 0.11796875 0.0734375
0 0.234375 0.603125 0.11953125 0.075
0 0.2359375 0.69296875 0.11640625 0.0734375
0 0.3671875 0.25703125 0.115625 0.075
0 0.36796875 0.3421875 0.121875 0.075
0 0.36953125 0.43046875 0.11640625 0.06953125
0 0.36875 0.51171875 0.1125 0.0734375
0 0.36796875 0.6015625 0.1140625 0.071875
0 0.365625 0.68671875 0.11640625 0.075
0 0.5046875 0.6859375 0.1125 0.08046875
0 0.634375 0.6828125 0.121875 0.08046875
0 0.77578125 0.68203125 0.11796875 0.08515625
0 0.771875 0.59375 0.11796875 0.0734375
0 0.77734375 0.5109375 0.11796875 0.08203125
0 0.77265625 0.42421875 0.12890625 0.071875
0 0.77421875 0.3421875 0.1125 0.06796875
0 0.771875 0.25625 0.11796875 0.0765625
0 0.63359375 0.25625 0.121875 0.0765625
0 0.63828125 0.340625 0.12109375 0.078125
0 0.63984375 0.4296875 0.1234375 0.075
0 0.63671875 0.509375 0.11796875 0.075
0 0.63671875 0.5984375 0.1125 0.06796875
0 0.50703125 0.59921875 0.121875 0.06953125
0 0.50625 0.51328125 0.1125 0.075
0 0.503125 0.4265625 0.11640625 0.06953125
0 0.50390625 0.3390625 0.1140625 0.071875
0 0.503125 0.25703125 0.12109375 0.075