1 0.5421875 0.57265625 0.07421875 0.084375
1 0.56796875 0.49453125 0.0640625 0.09375
1 0.58828125 0.42109375 0.053125 0.0890625
1 0.61171875 0.3578125 0.05078125 0.09140625
1 0.6328125 0.284375 0.04765625 0.078125
1 0.65625 0.21796875 0.053125 0.0890625
1 0.67421875 0.15390625 0.05625 0.07578125
1 0.79140625 0.190625 0.06796875 0.06484375
1 0.77734375 0.25703125 0.0640625 0.06875
1 0.76015625 0.3265625 0.0625 0.06875
1 0.73828125 0.39296875 0.06796875 0.06484375
1 0.7203125 0.46328125 0.065625 0.07109375
1 0.69921875 0.534375 0.07578125 0.07109375
1 0.678125 0.61015625 0.0671875 0.08046875