1 0.2359375 0.37421875 0.1015625 0.16953125
1 0.33046875 0.325 0.09296875 0.1765625
1 0.42265625 0.27734375 0.09453125 0.175
1 0.51796875 0.22578125 0.090625 0.178125
1 0.615625 0.17578125 0.096875 0.1765625
1 0.6796875 0.38203125 0.096875 0.18515625
1 0.73203125 0.58671875 0.0890625 0.16953125
1 0.63359375 0.6421875 0.10546875 0.175
1 0.54375 0.6890625 0.1015625 0.17109375
1 0.4453125 0.73359375 0.0953125 0.18828125
1 0.3484375 0.79375 0.0890625 0.1765625
1 0.29375 0.5796875 0.0953125 0.17265625
1 0.3875 0.53125 0.090625 0.17109375
1 0.484375 0.48203125 0.09140625 0.16953125
1 0.5765625 0.43515625 0.09296875 0.175