1 0.1921875 0.25703125 0.103125 0.15234375
1 0.1921875 0.415625 0.09375 0.13515625
1 0.34453125 0.265625 0.0953125 0.13515625
1 0.35234375 0.41640625 0.0828125 0.12890625
1 0.49765625 0.26875 0.1046875 0.125
1 0.49765625 0.41640625 0.0828125 0.125
1 0.6578125 0.265625 0.096875 0.13515625
1 0.81171875 0.25703125 0.0984375 0.14765625
1 0.80859375 0.41171875 0.0953125 0.13125
1 0.6578125 0.42109375 0.090625 0.125
1 0.190625 0.65859375 0.09375 0.13359375
1 0.19453125 0.81171875 0.0828125 0.11484375
1 0.35234375 0.65078125 0.1015625 0.13515625
1 0.353125 0.80703125 0.096875 0.13515625
1 0.5015625 0.65390625 0.096875 0.12890625
1 0.50390625 0.80625 0.0921875 0.1375
1 0.65546875 0.65234375 0.0921875 0.14609375
1 0.6578125 0.80625 0.0875 0.1375
1 0.80859375 0.653125 0.1046875 0.12734375
1 0.8109375 0.80546875 0.1 0.14765625