1 0.33515625 0.296875 0.12890625 0.1125
1 0.490625 0.303125 0.1234375 0.1125
1 0.6328125 0.30234375 0.11328125 0.09375
1 0.63671875 0.41875 0.1171875 0.10234375
1 0.6359375 0.54140625 0.125 0.10625
1 0.6390625 0.65546875 0.128125 0.11015625
1 0.63984375 0.7828125 0.1140625 0.0984375
1 0.4890625 0.77734375 0.121875 0.1
1 0.4890625 0.66015625 0.115625 0.08984375
1 0.4859375 0.42109375 0.115625 0.09375
1 0.3359375 0.42421875 0.115625 0.09609375
1 0.33984375 0.53828125 0.10703125 0.1
1 0.340625 0.65390625 0.1171875 0.10625
1 0.33984375 0.78671875 0.115625 0.10234375