1 0.13671875 0.471875 0.07734375 0.103125
1 0.215625 0.46953125 0.06796875 0.1046875
1 0.29921875 0.46953125 0.059375 0.09765625
1 0.37421875 0.4671875 0.06640625 0.115625
1 0.45625 0.4671875 0.06796875 0.11171875
1 0.5296875 0.47109375 0.0609375 0.1046875
1 0.61640625 0.47109375 0.0703125 0.115625
1 0.6140625 0.5984375 0.0703125 0.1015625
1 0.6125 0.72109375 0.06796875 0.10859375
1 0.615625 0.84453125 0.06171875 0.103125
1 0.53359375 0.596875 0.05703125 0.1015625
1 0.4515625 0.59765625 0.08203125 0.11015625
1 0.453125 0.72109375 0.06875 0.1015625
1 0.53046875 0.8421875 0.06640625 0.10859375
1 0.44921875 0.840625 0.0609375 0.11171875
1 0.37109375 0.71640625 0.05859375 0.1046875
1 0.36796875 0.84296875 0.059375 0.10703125
1 0.28515625 0.83984375 0.059375 0.103125
1 0.28671875 0.71875 0.06796875 0.10703125
1 0.29375 0.5984375 0.06875 0.10859375
1 0.20859375 0.58984375 0.0734375 0.1296875
1 0.128125 0.5890625 0.07734375 0.10703125
1 0.12734375 0.71328125 0.07265625 0.103125
1 0.1265625 0.840625 0.06875 0.11875
1 0.209375 0.83671875 0.06171875 0.11171875