1 0.4140625 0.71796875 0.21484375 0.171875
1 0.6515625 0.55703125 0.18984375 0.11484375
1 0.8171875 0.440625 0.11953125 0.1640625
1 0.74375 0.30234375 0.15859375 0.1484375
1 0.56640625 0.44765625 0.15703125 0.1125
1 0.6109375 0.1984375 0.11328125 0.11484375
1 0.56875 0.11796875 0.1671875 0.0765625
1 0.39453125 0.196875 0.15859375 0.10234375
1 0.4390625 0.2546875 0.14609375 0.09453125
1 0.5046875 0.33515625 0.1765625 0.1125
1 0.35078125 0.575 0.19453125 0.18671875
1 0.29296875 0.45078125 0.209375 0.14375
1 0.24375 0.353125 0.19140625 0.12265625
1 0.190625 0.28671875 0.175 0.13828125