1 0.2421875 0.72109375 0.05859375 0.12265625
1 0.24453125 0.8484375 0.059375 0.11640625
1 0.33125 0.70390625 0.0640625 0.1203125
1 0.33671875 0.840625 0.05546875 0.12421875
1 0.41953125 0.69765625 0.0609375 0.12421875
1 0.4296875 0.821875 0.0625 0.10859375
1 0.50703125 0.678125 0.0640625 0.11875
1 0.51953125 0.8078125 0.05859375 0.1203125
1 0.5953125 0.6703125 0.065625 0.1140625
1 0.6078125 0.79375 0.05546875 0.1125
1 0.6796875 0.659375 0.0625 0.10234375
1 0.69140625 0.77734375 0.059375 0.1203125
1 0.77578125 0.7671875 0.059375 0.11640625
1 0.7609375 0.6515625 0.06875 0.10625