1 0.43984375 0.27734375 0.05 0.1
1 0.4125 0.3828125 0.0546875 0.08984375
1 0.38046875 0.4921875 0.0546875 0.1
1 0.35234375 0.5921875 0.0515625 0.0796875
1 0.50390625 0.31484375 0.0484375 0.0953125
1 0.47890625 0.4171875 0.0484375 0.0953125
1 0.4453125 0.53125 0.03984375 0.0875
1 0.54296875 0.45390625 0.053125 0.0875
1 0.63046875 0.39609375 0.0546875 0.0875
1 0.696875 0.43359375 0.05703125 0.09765625
1 0.675 0.525 0.05 0.0953125
1 0.60703125 0.4875 0.053125 0.0953125
1 0.51015625 0.57265625 0.046875 0.08984375
1 0.64140625 0.6421875 0.03984375 0.08984375
1 0.41484375 0.6359375 0.053125 0.09765625
1 0.4796875 0.66875 0.053125 0.10234375
1 0.6140625 0.7546875 0.0546875 0.08515625
1 0.5640625 0.35859375 0.06171875 0.0828125
1 0.5484375 0.7125 0.06015625 0.1
1 0.57421875 0.61640625 0.05859375 0.0828125