1 0.353125 0.15859375 0.14140625 0.08046875
1 0.5109375 0.18515625 0.14140625 0.06328125
1 0.66875 0.1875 0.1546875 0.06796875
1 0.66328125 0.2734375 0.1578125 0.06328125
1 0.66171875 0.353125 0.1546875 0.06015625
1 0.50390625 0.34921875 0.134375 0.06328125
1 0.353125 0.25234375 0.14765625 0.0703125
1 0.353125 0.34375 0.14765625 0.06796875
1 0.490625 0.43203125 0.14140625 0.06328125
1 0.6515625 0.515625 0.1609375 0.0578125
1 0.34765625 0.51171875 0.1515625 0.065625
1 0.49765625 0.5984375 0.14765625 0.06328125
1 0.50078125 0.67890625 0.1140625 0.06328125
1 0.646875 0.67578125 0.1375 0.05546875
1 0.63671875 0.75078125 0.13125 0.06015625
1 0.6421875 0.8265625 0.12734375 0.06015625
1 0.49921875 0.83515625 0.13125 0.0578125
1 0.34140625 0.853125 0.14453125 0.06328125
1 0.34921875 0.775 0.1546875 0.06328125
1 0.34765625 0.6890625 0.1375 0.06796875