1 0.12890625 0.434375 0.11328125 0.25703125
1 0.1296875 0.71328125 0.1234375 0.2671875
1 0.25546875 0.71484375 0.1046875 0.26015625
1 0.3734375 0.71640625 0.1046875 0.2640625
0 0.25859375 0.43671875 0.1109375 0.265625
0 0.3765625 0.4328125 0.10859375 0.25703125
0 0.49375 0.434375 0.1109375 0.25
0 0.61484375 0.4375 0.10859375 0.2640625
0 0.73515625 0.4359375 0.10703125 0.2703125
0 0.85390625 0.43671875 0.1125 0.26171875
0 0.8546875 0.72578125 0.1171875 0.27578125
0 0.73125 0.725 0.11484375 0.2671875
0 0.6109375 0.71171875 0.1109375 0.2640625
0 0.49296875 0.7109375 0.1109375 0.26171875