0 0.89296875 0.36171875 0.0984375 0.2203125
0 0.7625 0.371875 0.096875 0.2265625
0 0.62890625 0.37265625 0.10234375 0.228125
0 0.49765625 0.36796875 0.09453125 0.21328125
0 0.37109375 0.37734375 0.09765625 0.21171875
0 0.37890625 0.69921875 0.08515625 0.21015625
0 0.49609375 0.6984375 0.090625 0.209375
0 0.62421875 0.7 0.09296875 0.209375
0 0.7515625 0.703125 0.08828125 0.2203125
0 0.88828125 0.71328125 0.103125 0.2234375
1 0.24296875 0.378125 0.096875 0.21328125
1 0.125 0.38515625 0.0890625 0.2015625
1 0.25234375 0.696875 0.0765625 0.19765625
1 0.13671875 0.69765625 0.0765625 0.19375