0 0.8578125 0.3671875 0.07578125 0.153125
0 0.878125 0.58046875 0.08046875 0.15625
0 0.746875 0.5875 0.09296875 0.16328125
0 0.7359375 0.36796875 0.078125 0.1546875
0 0.6203125 0.365625 0.0796875 0.15625
0 0.6171875 0.58515625 0.0859375 0.16953125
0 0.496875 0.584375 0.08984375 0.16484375
0 0.4984375 0.36796875 0.084375 0.17109375
0 0.37578125 0.35625 0.078125 0.18515625
0 0.37109375 0.5828125 0.084375 0.175
0 0.24140625 0.58203125 0.08671875 0.1765625
0 0.246875 0.34375 0.08828125 0.18671875
0 0.10390625 0.3328125 0.08984375 0.1984375
0 0.10546875 0.5890625 0.08828125 0.1828125