1 0.65 0.2359375 0.1359375 0.1765625
1 0.821875 0.2359375 0.12890625 0.1765625
1 0.81953125 0.503125 0.11953125 0.1828125
1 0.815625 0.765625 0.12578125 0.1765625
0 0.65078125 0.5015625 0.13515625 0.1765625
0 0.4796875 0.23828125 0.13203125 0.18515625
0 0.30546875 0.2328125 0.13984375 0.16640625
0 0.1296875 0.221875 0.14140625 0.178125
0 0.2984375 0.4921875 0.14140625 0.19453125
0 0.12578125 0.4953125 0.14375 0.18125
0 0.128125 0.7609375 0.1375 0.18515625
0 0.30078125 0.76640625 0.14375 0.178125
0 0.4734375 0.7625 0.14453125 0.18125
0 0.64453125 0.75859375 0.13984375 0.1828125