1 0.903125 0.334375 0.0734375 0.1515625
1 0.9109375 0.540625 0.0734375 0.1546875
1 0.79375 0.54296875 0.0859375 0.14453125
1 0.7890625 0.3328125 0.08046875 0.1609375
1 0.67421875 0.3125 0.078125 0.175
1 0.68046875 0.54609375 0.090625 0.17109375
1 0.559375 0.54453125 0.0859375 0.1609375
1 0.55859375 0.3109375 0.08828125 0.17109375
1 0.4375 0.315625 0.08828125 0.18125
1 0.43359375 0.540625 0.08046875 0.175
1 0.30625 0.29765625 0.09296875 0.19140625
0 0.3046875 0.54296875 0.09609375 0.1984375
0 0.16484375 0.27890625 0.09296875 0.221875
0 0.1609375 0.5375 0.10078125 0.2015625