0 0.878125 0.321875 0.10234375 0.10546875
0 0.87109375 0.4734375 0.10234375 0.109375
0 0.88203125 0.6234375 0.103125 0.1140625
1 0.7234375 0.6234375 0.09921875 0.1078125
1 0.71484375 0.47421875 0.1046875 0.1078125
1 0.71875 0.32265625 0.121875 0.1078125
1 0.54765625 0.31796875 0.1109375 0.12109375
1 0.553125 0.63046875 0.10078125 0.1109375
1 0.3703125 0.6296875 0.1046875 0.1125
1 0.37109375 0.47109375 0.103125 0.10078125
1 0.3703125 0.31171875 0.10703125 0.11953125
1 0.1890625 0.31328125 0.1125 0.115625
1 0.18515625 0.47734375 0.1046875 0.1140625
1 0.18203125 0.6390625 0.1109375 0.1140625