1 0.6140625 0.3703125 0.109375 0.1390625
1 0.76640625 0.37265625 0.10234375 0.134375
1 0.91796875 0.378125 0.10234375 0.134375
1 0.840625 0.50390625 0.0984375 0.12421875
1 0.91328125 0.6359375 0.1109375 0.12578125
1 0.76328125 0.6359375 0.10078125 0.1328125
1 0.6171875 0.63828125 0.103125 0.134375
1 0.53984375 0.50390625 0.109375 0.134375
0 0.45390625 0.37109375 0.10703125 0.1375
0 0.2921875 0.36484375 0.115625 0.1375
0 0.125 0.365625 0.11875 0.14609375
0 0.21796875 0.50546875 0.11328125 0.13125
0 0.13359375 0.640625 0.11875 0.1328125
0 0.29296875 0.6359375 0.109375 0.1296875
0 0.45078125 0.6390625 0.11875 0.1359375