1 0.48203125 0.40546875 0.0921875 0.12265625
1 0.6234375 0.4125 0.09296875 0.1296875
1 0.75859375 0.4125 0.0984375 0.1296875
1 0.8984375 0.421875 0.0984375 0.12109375
1 0.82421875 0.5359375 0.0859375 0.1078125
1 0.89453125 0.65 0.0984375 0.11796875
1 0.75703125 0.65078125 0.09453125 0.1296875
1 0.62109375 0.6515625 0.0984375 0.13125
1 0.5515625 0.52578125 0.0859375 0.1109375
1 0.471875 0.6421875 0.1046875 0.1375
0 0.3390625 0.6359375 0.10078125 0.1296875
0 0.3390625 0.4 0.09296875 0.12421875
0 0.2671875 0.5140625 0.09296875 0.12734375
0 0.2 0.39375 0.1046875 0.12265625
0 0.1921875 0.628125 0.1046875 0.12421875