0 0.19375 0.790625 0.1171875 0.1328125
1 0.196875 0.28828125 0.10859375 0.1328125
1 0.321875 0.2984375 0.1046875 0.12265625
1 0.43203125 0.30859375 0.090625 0.11953125
1 0.5484375 0.31484375 0.08984375 0.1125
1 0.65625 0.31328125 0.09453125 0.11953125
1 0.76875 0.31953125 0.10078125 0.12734375
1 0.87890625 0.3140625 0.10234375 0.1375
1 0.88046875 0.4703125 0.096875 0.12734375
1 0.884375 0.62734375 0.103125 0.11953125
1 0.88046875 0.7796875 0.0921875 0.1140625
1 0.765625 0.4671875 0.096875 0.12421875
1 0.76875 0.62265625 0.09296875 0.11953125
1 0.7703125 0.7796875 0.096875 0.11796875
1 0.653125 0.7734375 0.08984375 0.115625
1 0.5421875 0.77421875 0.0921875 0.12734375
1 0.434375 0.78203125 0.096875 0.12578125
1 0.3203125 0.7796875 0.10234375 0.134375
1 0.65625 0.46953125 0.08828125 0.12265625
1 0.65703125 0.6265625 0.08671875 0.1140625
1 0.5421875 0.621875 0.09921875 0.1109375
1 0.55078125 0.4671875 0.10078125 0.12421875
1 0.434375 0.465625 0.09453125 0.12421875
1 0.434375 0.6234375 0.0921875 0.12734375
1 0.3171875 0.6265625 0.09609375 0.12421875
1 0.31640625 0.46640625 0.10078125 0.1328125
1 0.19921875 0.4578125 0.10546875 0.1390625
1 0.19453125 0.628125 0.10703125 0.14140625