1 0.07578125 0.1171875 0.13828125 0.18125
1 0.2640625 0.1140625 0.14765625 0.19140625
1 0.45625 0.1109375 0.14609375 0.18984375
1 0.65 0.11171875 0.14609375 0.19140625
1 0.65234375 0.41328125 0.1515625 0.203125
1 0.64921875 0.71171875 0.1546875 0.18828125
1 0.4515625 0.7046875 0.15 0.18515625
1 0.26640625 0.69296875 0.14765625 0.175
1 0.26171875 0.40859375 0.1484375 0.20703125
1 0.07578125 0.415625 0.14609375 0.203125
1 0.08203125 0.69453125 0.14140625 0.1796875
0 0.828125 0.12421875 0.1296875 0.18984375
0 0.825 0.415625 0.12734375 0.18671875
0 0.81953125 0.70078125 0.121875 0.19296875