1 0.30078125 0.11953125 0.15078125 0.0609375
1 0.47578125 0.1203125 0.14765625 0.06328125
1 0.646875 0.1140625 0.153125 0.06328125
1 0.6453125 0.20859375 0.15625 0.0609375
1 0.6484375 0.31015625 0.15625 0.0609375
1 0.29375 0.20703125 0.13046875 0.05859375
1 0.29765625 0.29921875 0.1390625 0.06484375
1 0.471875 0.303125 0.1390625 0.06328125
1 0.47421875 0.39375 0.15078125 0.05859375
1 0.64375 0.4875 0.14140625 0.06328125
1 0.46171875 0.571875 0.159375 0.0671875
1 0.28359375 0.478125 0.16171875 0.0671875
1 0.2703125 0.6640625 0.14140625 0.06484375
1 0.45859375 0.66484375 0.1359375 0.05859375
1 0.64375 0.671875 0.1359375 0.0671875
1 0.63359375 0.76171875 0.15078125 0.06484375
1 0.640625 0.8640625 0.153125 0.06953125
1 0.26875 0.75625 0.16171875 0.0671875
1 0.26875 0.8515625 0.15078125 0.0671875
1 0.45703125 0.85390625 0.1328125 0.071875