0 0.37109375 0.8609375 0.25859375 0.103125
0 0.378125 0.7171875 0.25234375 0.103125
0 0.3796875 0.59609375 0.2421875 0.10859375
0 0.375 0.46484375 0.2453125 0.103125
0 0.37109375 0.33984375 0.2453125 0.10546875
0 0.375 0.21640625 0.25234375 0.10078125
0 0.7125 0.21171875 0.25546875 0.09609375
0 0.7109375 0.33984375 0.25859375 0.090625
0 0.715625 0.4640625 0.26171875 0.10546875
0 0.7125 0.59453125 0.25546875 0.10546875
0 0.709375 0.72421875 0.25546875 0.0984375
0 0.7171875 0.85078125 0.25859375 0.0984375
1 0.70703125 0.08046875 0.225 0.090625
1 0.38984375 0.0921875 0.23515625 0.09296875