1 0.8625 0.3 0.0984375 0.09921875
1 0.865625 0.4515625 0.096875 0.09609375
1 0.87890625 0.5953125 0.090625 0.09765625
0 0.71171875 0.603125 0.10546875 0.10078125
0 0.703125 0.45546875 0.09921875 0.1140625
0 0.70234375 0.29765625 0.0984375 0.12109375
0 0.53359375 0.3 0.103125 0.115625
0 0.54296875 0.61640625 0.10859375 0.12578125
0 0.3671875 0.6171875 0.109375 0.1140625
0 0.36484375 0.4625 0.103125 0.12109375
0 0.3609375 0.3 0.10078125 0.11953125
0 0.18515625 0.30234375 0.1125 0.11796875
0 0.18359375 0.4640625 0.115625 0.1140625
0 0.17890625 0.62265625 0.1109375 0.12265625