1 0.38359375 0.2828125 0.16640625 0.11953125
1 0.55078125 0.35703125 0.15859375 0.12421875
1 0.70625 0.28984375 0.16171875 0.11953125
1 0.384375 0.425 0.165625 0.13203125
1 0.38984375 0.5609375 0.16328125 0.12578125
1 0.38828125 0.69921875 0.159375 0.128125
1 0.3921875 0.83984375 0.16171875 0.13359375
1 0.7109375 0.42421875 0.15859375 0.11640625
1 0.55 0.49453125 0.1609375 0.11484375
1 0.7109375 0.5578125 0.159375 0.12265625
1 0.5515625 0.6265625 0.15546875 0.1203125
1 0.55234375 0.76171875 0.159375 0.125
1 0.71484375 0.69140625 0.15703125 0.12421875
1 0.7171875 0.82578125 0.16328125 0.12109375