1 0.22890625 0.3015625 0.09921875 0.11953125
1 0.1890625 0.56875 0.11328125 0.14921875
1 0.2734375 0.42265625 0.11171875 0.1296875
1 0.32109375 0.56328125 0.1203125 0.1515625
1 0.34609375 0.28828125 0.10546875 0.121875
1 0.46875 0.278125 0.109375 0.12578125
1 0.4 0.415625 0.115625 0.13125
1 0.4609375 0.55859375 0.12734375 0.14921875
1 0.53359375 0.40859375 0.115625 0.13359375
0 0.60234375 0.55625 0.1328125 0.15859375
0 0.72421875 0.24453125 0.1234375 0.1234375
0 0.5953125 0.2734375 0.11875 0.12578125
0 0.66484375 0.3890625 0.128125 0.15234375
0 0.75234375 0.5265625 0.15078125 0.17421875