0 0.159375 0.73984375 0.0921875 0.12578125
0 0.275 0.7328125 0.09609375 0.13125
0 0.384375 0.7328125 0.09296875 0.13125
0 0.48984375 0.7265625 0.09296875 0.1359375
0 0.5890625 0.72265625 0.08671875 0.1375
0 0.69921875 0.72265625 0.10078125 0.13125
1 0.81015625 0.7328125 0.090625 0.134375
1 0.16328125 0.2828125 0.10234375 0.1328125
1 0.1609375 0.434375 0.096875 0.1296875
1 0.1625 0.5890625 0.10078125 0.1296875
1 0.275 0.28984375 0.0859375 0.12265625
1 0.3796875 0.28828125 0.08671875 0.1296875
1 0.47890625 0.29296875 0.0859375 0.1296875
1 0.584375 0.29140625 0.0921875 0.11953125
1 0.6859375 0.2828125 0.0921875 0.109375
1 0.80078125 0.27109375 0.10703125 0.1296875
1 0.80546875 0.42421875 0.10234375 0.12578125
1 0.81328125 0.571875 0.109375 0.115625
1 0.69375 0.57890625 0.0921875 0.115625
1 0.69453125 0.43046875 0.09296875 0.1109375
1 0.58671875 0.43515625 0.0921875 0.12109375
1 0.5890625 0.58046875 0.0921875 0.109375
1 0.4859375 0.43671875 0.0921875 0.1140625
1 0.48671875 0.5796875 0.09296875 0.1140625
1 0.3859375 0.58515625 0.09453125 0.115625
1 0.3828125 0.44375 0.09609375 0.12109375
1 0.27578125 0.44140625 0.09296875 0.12578125
1 0.271875 0.5875 0.0984375 0.12265625