1 0.1140625 0.2640625 0.11953125 0.16484375
1 0.303125 0.26640625 0.125 0.159375
1 0.4875 0.26875 0.12109375 0.16484375
1 0.3046875 0.51328125 0.12578125 0.16640625
1 0.1125 0.51171875 0.125 0.16640625
1 0.11171875 0.75859375 0.1375 0.16953125
1 0.30078125 0.75390625 0.12578125 0.16953125
0 0.48203125 0.7453125 0.1171875 0.16640625
0 0.66484375 0.27421875 0.13203125 0.1546875
0 0.84453125 0.271875 0.13359375 0.175
0 0.8421875 0.50859375 0.125 0.16640625
0 0.8453125 0.7578125 0.1234375 0.175
0 0.66484375 0.75625 0.1296875 0.16484375
0 0.6609375 0.5125 0.1296875 0.16796875