0 0.24921875 0.27421875 0.08828125 0.23515625
0 0.40390625 0.2921875 0.0921875 0.225
0 0.4 0.5328125 0.08984375 0.21484375
0 0.24453125 0.52890625 0.09609375 0.23828125
0 0.24296875 0.790625 0.10546875 0.23359375
0 0.3984375 0.77734375 0.09609375 0.23046875
0 0.55 0.778125 0.09921875 0.225
0 0.69765625 0.78359375 0.09921875 0.23671875
0 0.69375 0.5359375 0.096875 0.21875
0 0.6984375 0.29921875 0.08828125 0.20859375
0 0.546875 0.29765625 0.09609375 0.221875
1 0.8515625 0.27421875 0.09296875 0.21875
1 0.85703125 0.5328125 0.090625 0.228125
1 0.86171875 0.80546875 0.1109375 0.23359375