1 0.85390625 0.3234375 0.1375 0.18046875
1 0.70546875 0.3171875 0.1421875 0.18203125
1 0.54765625 0.3125 0.13984375 0.18515625
1 0.7765625 0.5015625 0.13515625 0.18203125
1 0.8453125 0.6828125 0.13515625 0.17421875
1 0.69921875 0.68203125 0.140625 0.178125
1 0.625 0.49765625 0.14375 0.1796875
1 0.54609375 0.6828125 0.1359375 0.18203125
1 0.471875 0.49921875 0.13046875 0.1796875
1 0.396875 0.68359375 0.125 0.1953125
1 0.2375 0.6828125 0.17734375 0.21875
1 0.32421875 0.48359375 0.146875 0.1859375
0 0.3984375 0.309375 0.13671875 0.18828125
0 0.2453125 0.2796875 0.15234375 0.1984375