1 0.2375 0.66796875 0.1703125 0.21640625
1 0.32890625 0.459375 0.146875 0.1984375
1 0.41171875 0.6640625 0.15390625 0.21484375
1 0.584375 0.6546875 0.1515625 0.21171875
1 0.74765625 0.64765625 0.14453125 0.20625
1 0.9078125 0.6390625 0.1390625 0.20625
1 0.4953125 0.4578125 0.1453125 0.1890625
1 0.65859375 0.4546875 0.14765625 0.1921875
1 0.821875 0.4453125 0.1453125 0.1875
1 0.40703125 0.26640625 0.14765625 0.19375
1 0.56875 0.2640625 0.14140625 0.1921875
1 0.73046875 0.25390625 0.14296875 0.1953125
1 0.8890625 0.2515625 0.13828125 0.196875
0 0.2453125 0.26484375 0.1546875 0.196875