1 0.5046875 0.2125 0.13984375 0.203125
1 0.69140625 0.21484375 0.13828125 0.2015625
1 0.8703125 0.2296875 0.12734375 0.18984375
1 0.8640625 0.50859375 0.1234375 0.196875
1 0.8484375 0.78125 0.11953125 0.19140625
1 0.6859375 0.50703125 0.1421875 0.21171875
1 0.67890625 0.7828125 0.1359375 0.175
1 0.49609375 0.78515625 0.14453125 0.19296875
0 0.32421875 0.2125 0.14453125 0.203125
0 0.134375 0.21015625 0.15 0.18828125
0 0.31015625 0.49921875 0.1484375 0.2046875
0 0.13046875 0.4890625 0.1421875 0.1984375
0 0.315625 0.78203125 0.13515625 0.21015625
0 0.1296875 0.77109375 0.13828125 0.19140625