0 0.109375 0.3109375 0.10859375 0.23203125
0 0.234375 0.3125 0.103125 0.23203125
0 0.359375 0.315625 0.103125 0.23203125
0 0.4875 0.31171875 0.09296875 0.23046875
0 0.61484375 0.31171875 0.0984375 0.23671875
0 0.73203125 0.31171875 0.0984375 0.240625
0 0.86015625 0.3171875 0.09453125 0.23515625
0 0.8671875 0.6546875 0.1125 0.23671875
0 0.7328125 0.65625 0.109375 0.23046875
0 0.60703125 0.65390625 0.103125 0.23203125
0 0.48359375 0.64765625 0.0984375 0.240625
0 0.359375 0.6421875 0.09921875 0.23203125
0 0.23046875 0.6328125 0.103125 0.23359375
0 0.11171875 0.6359375 0.09453125 0.2265625