1 0.359375 0.0734375 0.25546875 0.090625
1 0.6921875 0.06640625 0.221875 0.08828125
1 0.69375 0.19921875 0.2453125 0.09609375
1 0.696875 0.32890625 0.225 0.0984375
1 0.6921875 0.4640625 0.2484375 0.10546875
1 0.68515625 0.59375 0.23515625 0.0984375
1 0.6875 0.7234375 0.21171875 0.09609375
1 0.67734375 0.8671875 0.23828125 0.10078125
1 0.34296875 0.8546875 0.26171875 0.09609375
1 0.34609375 0.72421875 0.25546875 0.0984375
1 0.34921875 0.19765625 0.23515625 0.0984375
1 0.3546875 0.33359375 0.23828125 0.09296875
1 0.34609375 0.45703125 0.23515625 0.0828125
1 0.34765625 0.590625 0.23203125 0.103125