1 0.91015625 0.35234375 0.08046875 0.1734375
0 0.9109375 0.5953125 0.0828125 0.16953125
0 0.7765625 0.35859375 0.08984375 0.16953125
0 0.778125 0.590625 0.0921875 0.1765625
0 0.646875 0.58984375 0.084375 0.175
0 0.65234375 0.35625 0.084375 0.178125
0 0.52890625 0.346875 0.0828125 0.1734375
0 0.52734375 0.58359375 0.08203125 0.1765625
0 0.40546875 0.34140625 0.090625 0.18828125
0 0.40390625 0.58046875 0.08984375 0.1765625
0 0.26875 0.57890625 0.090625 0.1765625
0 0.26875 0.3265625 0.09453125 0.18984375
0 0.12109375 0.32265625 0.103125 0.19140625
0 0.12890625 0.5796875 0.09609375 0.178125