1 0.81328125 0.2671875 0.08984375 0.2015625
1 0.8296875 0.5 0.08984375 0.20703125
0 0.846875 0.74375 0.10859375 0.21640625
0 0.671875 0.2984375 0.090625 0.203125
0 0.534375 0.30078125 0.08828125 0.2015625
0 0.39921875 0.29140625 0.08828125 0.21015625
0 0.25859375 0.278125 0.08984375 0.2234375
0 0.40234375 0.521875 0.084375 0.21640625
0 0.68203125 0.51953125 0.096875 0.1984375
0 0.6875 0.746875 0.096875 0.2234375
0 0.5453125 0.74765625 0.09921875 0.225
0 0.40546875 0.75078125 0.08984375 0.228125
0 0.25625 0.76640625 0.10234375 0.221875
0 0.25625 0.521875 0.0921875 0.2265625