0 0.371875 0.85 0.1890625 0.08125
0 0.61484375 0.8484375 0.18359375 0.07734375
0 0.61171875 0.71328125 0.16796875 0.07734375
0 0.375 0.71171875 0.19140625 0.08046875
0 0.38046875 0.58359375 0.16953125 0.0765625
0 0.61015625 0.5828125 0.18125 0.07421875
0 0.6125 0.46328125 0.17265625 0.06796875
0 0.38828125 0.4640625 0.1703125 0.06875
0 0.60546875 0.340625 0.16328125 0.0734375
1 0.38828125 0.34609375 0.16328125 0.0734375
1 0.3875 0.23046875 0.16796875 0.06953125
1 0.6015625 0.22109375 0.15703125 0.06796875
1 0.59765625 0.1 0.15 0.06875
1 0.3859375 0.11328125 0.159375 0.0640625