0 0.178125 0.19140625 0.09921875 0.2484375
0 0.3453125 0.2140625 0.103125 0.246875
0 0.50546875 0.2296875 0.09296875 0.23671875
0 0.6671875 0.22265625 0.10234375 0.23671875
0 0.84140625 0.471875 0.12578125 0.2453125
0 0.853125 0.75859375 0.1234375 0.27734375
0 0.6703125 0.75234375 0.11328125 0.25546875
0 0.50390625 0.74375 0.10546875 0.25703125
0 0.34375 0.471875 0.0921875 0.2421875
0 0.671875 0.475 0.09921875 0.246875
0 0.16953125 0.471875 0.10703125 0.25859375
0 0.1625 0.7609375 0.10859375 0.26171875
0 0.340625 0.74453125 0.1046875 0.25859375
1 0.82734375 0.1828125 0.109375 0.2421875