1 0.14296875 0.3984375 0.1171875 0.25234375
1 0.15 0.67421875 0.1109375 0.25703125
1 0.26953125 0.66640625 0.10859375 0.24375
1 0.3828125 0.66484375 0.0984375 0.24375
1 0.496875 0.66015625 0.1046875 0.225
1 0.60625 0.6578125 0.09296875 0.23671875
0 0.275 0.39921875 0.10859375 0.25703125
0 0.3921875 0.4 0.10859375 0.2421875
0 0.50625 0.41015625 0.09453125 0.2421875
0 0.61171875 0.4046875 0.10234375 0.25234375
0 0.72109375 0.42109375 0.09609375 0.246875
0 0.83515625 0.4234375 0.10234375 0.25546875
0 0.8265625 0.6859375 0.10078125 0.24375
0 0.71171875 0.6765625 0.10078125 0.246875