1 0.88828125 0.31953125 0.0828125 0.221875
1 0.88828125 0.63671875 0.09296875 0.21875
1 0.76328125 0.63515625 0.09609375 0.221875
1 0.76953125 0.315625 0.08828125 0.21484375
1 0.6515625 0.30546875 0.08828125 0.21484375
1 0.5203125 0.30078125 0.09296875 0.225
1 0.521875 0.63203125 0.090625 0.221875
1 0.64140625 0.63359375 0.08828125 0.23203125
0 0.403125 0.29375 0.09609375 0.23828125
0 0.27734375 0.2875 0.115625 0.23828125
0 0.121875 0.2859375 0.12890625 0.2484375
0 0.13515625 0.61796875 0.11875 0.2484375
0 0.27734375 0.625 0.09609375 0.2484375
0 0.39453125 0.621875 0.103125 0.25546875