1 0.1484375 0.39296875 0.1125 0.2453125
1 0.26953125 0.39453125 0.103125 0.23828125
1 0.384375 0.39296875 0.103125 0.2421875
1 0.49453125 0.39375 0.096875 0.23671875
1 0.60546875 0.39921875 0.08984375 0.25
1 0.71640625 0.39296875 0.09453125 0.2421875
1 0.83203125 0.3953125 0.1046875 0.24375
1 0.8296875 0.6609375 0.1046875 0.246875
1 0.7109375 0.6609375 0.09921875 0.24375
1 0.603125 0.65234375 0.10234375 0.240625
1 0.48984375 0.64921875 0.10078125 0.23046875
1 0.3828125 0.6484375 0.09921875 0.23203125
1 0.26796875 0.65625 0.1046875 0.23046875
1 0.1484375 0.6625 0.11328125 0.24375