0 0.8375 0.44296875 0.1125 0.26015625
0 0.71953125 0.44765625 0.10078125 0.25703125
0 0.60078125 0.446875 0.10546875 0.26875
0 0.48359375 0.44453125 0.11484375 0.25390625
0 0.36484375 0.4453125 0.109375 0.265625
0 0.24609375 0.4484375 0.1046875 0.265625
0 0.840625 0.71796875 0.1109375 0.25703125
0 0.7140625 0.71875 0.1125 0.26171875
0 0.59921875 0.71796875 0.10703125 0.26015625
0 0.48359375 0.71640625 0.1046875 0.246875
1 0.12265625 0.4390625 0.1125 0.25703125
1 0.13046875 0.715625 0.109375 0.25546875
1 0.25078125 0.71796875 0.115625 0.25703125
1 0.36953125 0.72109375 0.10078125 0.25859375