1 0.925 0.37734375 0.06796875 0.1390625
1 0.92578125 0.6015625 0.07421875 0.14765625
1 0.81015625 0.3765625 0.07578125 0.1546875
1 0.69140625 0.36875 0.07578125 0.153125
1 0.57578125 0.359375 0.078125 0.1546875
1 0.45234375 0.35078125 0.090625 0.1578125
1 0.3234375 0.3421875 0.08671875 0.16953125
1 0.3140625 0.57890625 0.07578125 0.16640625
1 0.4421875 0.584375 0.08828125 0.16796875
1 0.56484375 0.58828125 0.078125 0.1609375
1 0.6859375 0.59140625 0.08203125 0.16484375
1 0.80546875 0.603125 0.0796875 0.16796875
0 0.19140625 0.3375 0.103125 0.175
0 0.1890625 0.56953125 0.08828125 0.16484375