0 0.1328125 0.41328125 0.11953125 0.2453125
0 0.2546875 0.41484375 0.103125 0.2453125
0 0.37578125 0.4125 0.10234375 0.25703125
0 0.49296875 0.41015625 0.103125 0.25546875
0 0.60234375 0.40859375 0.09609375 0.2453125
0 0.71328125 0.41328125 0.10078125 0.23515625
0 0.82421875 0.41484375 0.0984375 0.2484375
0 0.821875 0.671875 0.1046875 0.23828125
0 0.709375 0.6671875 0.103125 0.2421875
0 0.6046875 0.66875 0.10078125 0.23828125
0 0.490625 0.66953125 0.10703125 0.23671875
0 0.378125 0.67734375 0.10859375 0.23515625
0 0.2609375 0.67578125 0.11328125 0.228125
0 0.14375 0.67734375 0.10546875 0.228125