0 0.32734375 0.203125 0.16953125 0.1296875
0 0.68984375 0.2109375 0.19453125 0.1453125
0 0.50078125 0.28125 0.1734375 0.1328125
0 0.6875 0.3609375 0.1921875 0.13125
0 0.30859375 0.34453125 0.1765625 0.13515625
0 0.28671875 0.4875 0.190625 0.1390625
0 0.48671875 0.428125 0.1734375 0.13359375
1 0.67578125 0.51015625 0.19765625 0.1375
1 0.6625 0.6703125 0.20625 0.14921875
1 0.6484375 0.85234375 0.20625 0.1640625
1 0.23671875 0.81953125 0.20859375 0.16171875
1 0.45 0.74921875 0.190625 0.1625
1 0.46484375 0.5796875 0.18515625 0.15078125
1 0.2609375 0.653125 0.19765625 0.1578125