1 0.33671875 0.2046875 0.15390625 0.21171875
1 0.53359375 0.2125 0.14453125 0.2
1 0.71796875 0.221875 0.1359375 0.2015625
1 0.88046875 0.23203125 0.12890625 0.178125
1 0.8890625 0.5046875 0.11484375 0.19296875
1 0.88671875 0.77109375 0.11953125 0.18515625
1 0.72109375 0.509375 0.13828125 0.2046875
1 0.71796875 0.790625 0.13828125 0.18671875
1 0.53671875 0.803125 0.1515625 0.19140625
1 0.33984375 0.5125 0.16015625 0.21171875
0 0.346875 0.81171875 0.15625 0.20859375
0 0.14375 0.525 0.15859375 0.20703125
0 0.140625 0.2109375 0.15234375 0.2
0 0.1546875 0.82421875 0.14609375 0.18984375