1 0.6296875 0.3234375 0.09921875 0.12578125
1 0.76953125 0.321875 0.1046875 0.12265625
1 0.91640625 0.31953125 0.096875 0.12109375
1 0.84609375 0.44375 0.09453125 0.12421875
1 0.92421875 0.56953125 0.096875 0.12109375
1 0.77421875 0.56953125 0.109375 0.13125
0 0.484375 0.3265625 0.09921875 0.1296875
0 0.5609375 0.45390625 0.090625 0.12734375
0 0.6359375 0.5796875 0.09921875 0.12421875
0 0.484375 0.578125 0.11484375 0.134375
0 0.33515625 0.58203125 0.1109375 0.1296875
0 0.3328125 0.325 0.1109375 0.1296875
0 0.259375 0.4546875 0.10546875 0.12265625
0 0.18046875 0.58515625 0.12734375 0.11953125
0 0.18359375 0.31953125 0.121875 0.13125