1 0.359375 0.090625 0.20859375 0.08046875
1 0.6890625 0.0765625 0.2203125 0.08671875
1 0.69296875 0.20234375 0.22578125 0.09375
1 0.35390625 0.21328125 0.21328125 0.07890625
1 0.35390625 0.34140625 0.215625 0.078125
1 0.6953125 0.3328125 0.22265625 0.07578125
1 0.69296875 0.4640625 0.2328125 0.075
1 0.34921875 0.465625 0.221875 0.0828125
1 0.34140625 0.5953125 0.2265625 0.08046875
0 0.6875 0.60078125 0.23359375 0.096875
0 0.68125 0.7375 0.24375 0.103125
0 0.68515625 0.8734375 0.2375 0.0984375
0 0.325 0.87265625 0.25390625 0.0984375
0 0.3328125 0.72109375 0.24609375 0.096875