1 0.1484375 0.33125 0.1125 0.2421875
1 0.26484375 0.3421875 0.09609375 0.240625
1 0.26171875 0.59921875 0.103125 0.23359375
1 0.37734375 0.5984375 0.09453125 0.23203125
1 0.49140625 0.59453125 0.10546875 0.23515625
1 0.60390625 0.6015625 0.09296875 0.228125
1 0.71875 0.6015625 0.109375 0.25234375
1 0.83984375 0.603125 0.109375 0.2484375
1 0.83984375 0.33828125 0.11484375 0.25
1 0.71171875 0.3375 0.10859375 0.2484375
1 0.60078125 0.3421875 0.10234375 0.246875
1 0.49296875 0.34375 0.0984375 0.24375
1 0.37421875 0.3453125 0.09609375 0.23671875
0 0.1421875 0.609375 0.11875 0.25