1 0.3296875 0.334375 0.109375 0.1375
1 0.48125 0.33828125 0.10546875 0.1359375
1 0.32734375 0.59296875 0.096875 0.12421875
1 0.478125 0.59375 0.10234375 0.1296875
1 0.55859375 0.471875 0.084375 0.12421875
1 0.6296875 0.34375 0.09453125 0.1390625
1 0.7765625 0.34765625 0.09921875 0.13125
1 0.92109375 0.35859375 0.08828125 0.1296875
1 0.84765625 0.4796875 0.09609375 0.12265625
1 0.91484375 0.603125 0.08828125 0.12734375
1 0.77109375 0.5953125 0.10078125 0.1296875
1 0.63203125 0.6015625 0.09921875 0.14140625
0 0.25078125 0.465625 0.10859375 0.12109375
0 0.16640625 0.32421875 0.11328125 0.1375
0 0.17109375 0.59609375 0.10859375 0.1375