1 0.33984375 0.32734375 0.10625 0.1328125
1 0.33984375 0.6078125 0.1109375 0.15078125
1 0.4015625 0.46171875 0.1 0.1359375
1 0.465625 0.6046875 0.10625 0.14453125
1 0.45546875 0.32265625 0.10390625 0.13046875
1 0.5203125 0.45859375 0.1015625 0.13359375
1 0.5859375 0.59921875 0.10390625 0.14140625
1 0.571875 0.3203125 0.10390625 0.13359375
1 0.68671875 0.31328125 0.10390625 0.1328125
1 0.6375 0.45234375 0.1078125 0.13046875
1 0.80234375 0.30703125 0.09921875 0.13125
1 0.70546875 0.59140625 0.109375 0.14140625
1 0.75390625 0.44765625 0.10703125 0.1328125
1 0.8234375 0.58515625 0.109375 0.13984375