1 0.5734375 0.21328125 0.153125 0.1046875
1 0.26484375 0.19140625 0.16015625 0.11015625
1 0.4203125 0.259375 0.15390625 0.11171875
1 0.5703125 0.32890625 0.14765625 0.109375
1 0.571875 0.45390625 0.1515625 0.1234375
1 0.5765625 0.5796875 0.165625 0.11015625
1 0.58046875 0.72265625 0.18671875 0.14375
1 0.4015625 0.65234375 0.16953125 0.12109375
1 0.4109375 0.51796875 0.1578125 0.1265625
1 0.4140625 0.38359375 0.15390625 0.12265625
1 0.25390625 0.3125 0.16328125 0.11484375
1 0.24140625 0.44375 0.16640625 0.1265625
0 0.234375 0.58359375 0.1640625 0.13125
0 0.20859375 0.7203125 0.1828125 0.13046875