1 0.16640625 0.44375 0.0703125 0.14765625
1 0.1515625 0.6875 0.08046875 0.178125
1 0.29609375 0.4453125 0.0734375 0.16484375
1 0.4234375 0.4484375 0.0703125 0.1578125
1 0.5453125 0.4421875 0.0734375 0.17109375
1 0.2859375 0.684375 0.07734375 0.1703125
1 0.42109375 0.6859375 0.08125 0.18046875
1 0.5453125 0.67734375 0.078125 0.17890625
1 0.6703125 0.68046875 0.08046875 0.16796875
1 0.79453125 0.6734375 0.07578125 0.16875
1 0.91953125 0.67265625 0.08515625 0.16171875
1 0.903125 0.4453125 0.07109375 0.1453125
1 0.7828125 0.44765625 0.07265625 0.15390625
1 0.66484375 0.4453125 0.0765625 0.16171875