0 0.90078125 0.334375 0.10546875 0.240625
0 0.75859375 0.34453125 0.1125 0.23671875
0 0.89140625 0.70390625 0.10234375 0.246875
0 0.746875 0.70078125 0.10859375 0.246875
0 0.61328125 0.69296875 0.10859375 0.23828125
0 0.47734375 0.690625 0.0984375 0.23671875
1 0.3484375 0.684375 0.0921875 0.23671875
1 0.6140625 0.340625 0.096875 0.228125
1 0.47265625 0.34296875 0.09609375 0.240625
1 0.34375 0.340625 0.10078125 0.23203125
1 0.21484375 0.3390625 0.08984375 0.225
1 0.0890625 0.34609375 0.090625 0.2203125
1 0.21640625 0.6875 0.08828125 0.2234375
1 0.09296875 0.68046875 0.090625 0.21328125