1 0.36484375 0.22890625 0.1390625 0.06328125
1 0.35 0.8234375 0.115625 0.05859375
1 0.4859375 0.8125 0.12734375 0.05859375
1 0.6265625 0.80546875 0.1125 0.05625
1 0.6234375 0.7375 0.12421875 0.05625
1 0.6265625 0.6640625 0.13046875 0.0609375
1 0.4875 0.6671875 0.12421875 0.0453125
1 0.35859375 0.66875 0.12734375 0.0609375
1 0.35703125 0.7453125 0.13046875 0.05390625
1 0.4921875 0.59140625 0.12734375 0.05859375
1 0.63046875 0.52421875 0.115625 0.05
1 0.50078125 0.4546875 0.121875 0.05390625
1 0.63984375 0.39140625 0.11015625 0.05390625
1 0.63515625 0.31796875 0.12421875 0.05390625
1 0.63515625 0.2484375 0.12421875 0.05859375
1 0.503125 0.240625 0.12734375 0.05625
1 0.36875 0.3046875 0.13046875 0.05390625
1 0.36484375 0.37890625 0.115625 0.05390625
1 0.503125 0.38125 0.115625 0.05390625
1 0.3671875 0.521875 0.1328125 0.05390625