0 0.19375 0.30546875 0.0859375 0.1546875
0 0.31875 0.3078125 0.09296875 0.17109375
0 0.43828125 0.31953125 0.08046875 0.175
0 0.559375 0.32578125 0.0703125 0.18828125
0 0.66875 0.3375 0.078125 0.178125
0 0.66640625 0.553125 0.078125 0.17109375
0 0.553125 0.54296875 0.06796875 0.17109375
0 0.43828125 0.534375 0.07578125 0.1609375
0 0.32265625 0.5328125 0.08046875 0.178125
0 0.19765625 0.53125 0.078125 0.175
1 0.78984375 0.3296875 0.0734375 0.1609375
1 0.90625 0.32734375 0.078125 0.1578125
1 0.9109375 0.54921875 0.078125 0.16484375
1 0.7859375 0.54453125 0.08046875 0.175