1 0.2203125 0.35390625 0.08046875 0.10234375
1 0.2203125 0.49140625 0.0828125 0.10546875
1 0.2203125 0.628125 0.078125 0.10078125
1 0.21640625 0.7640625 0.10078125 0.10078125
1 0.31640625 0.3578125 0.078125 0.1109375
1 0.4140625 0.35234375 0.08671875 0.109375
1 0.509375 0.35390625 0.0828125 0.115625
1 0.60390625 0.353125 0.07421875 0.1140625
1 0.7 0.346875 0.084375 0.115625
1 0.8 0.346875 0.09609375 0.12265625
1 0.80703125 0.4859375 0.0796875 0.1078125
1 0.80703125 0.625 0.0921875 0.10390625
1 0.80859375 0.75703125 0.08828125 0.109375
1 0.7015625 0.75078125 0.08046875 0.1078125
1 0.7015625 0.62109375 0.0859375 0.10546875
1 0.70078125 0.48828125 0.08046875 0.09921875
1 0.60078125 0.48828125 0.08671875 0.1125
1 0.60625 0.6203125 0.08046875 0.1078125
1 0.61171875 0.7484375 0.084375 0.109375
1 0.5140625 0.7515625 0.0859375 0.109375
1 0.4171875 0.75390625 0.0828125 0.10234375
1 0.32265625 0.759375 0.0828125 0.1078125
1 0.3234375 0.48984375 0.08203125 0.109375
1 0.41796875 0.48828125 0.084375 0.109375
1 0.5078125 0.4921875 0.08046875 0.1078125
1 0.509375 0.6171875 0.08828125 0.109375
1 0.41484375 0.6234375 0.08828125 0.1109375
1 0.3171875 0.62578125 0.08828125 0.109375