1 0.38984375 0.0890625 0.1640625 0.0640625
1 0.60703125 0.06640625 0.18046875 0.06171875
1 0.6046875 0.19375 0.153125 0.0734375
1 0.390625 0.20703125 0.15859375 0.06796875
1 0.3890625 0.3234375 0.1609375 0.0703125
1 0.6078125 0.31953125 0.159375 0.06953125
1 0.38203125 0.4453125 0.16796875 0.06484375
0 0.60703125 0.44765625 0.17421875 0.06953125
0 0.60390625 0.57265625 0.171875 0.07578125
0 0.37734375 0.56796875 0.171875 0.07890625
0 0.35859375 0.69375 0.175 0.0796875
0 0.59765625 0.703125 0.16796875 0.071875
0 0.34453125 0.834375 0.17421875 0.08203125
0 0.59921875 0.8421875 0.18046875 0.0828125