1 0.240625 0.328125 0.103125 0.1359375
1 0.359375 0.33125 0.0984375 0.134375
1 0.4671875 0.3328125 0.0921875 0.14140625
1 0.565625 0.33046875 0.08828125 0.1328125
1 0.6734375 0.33125 0.09453125 0.134375
1 0.7796875 0.32734375 0.09609375 0.134375
1 0.89453125 0.325 0.10859375 0.12265625
1 0.90078125 0.47265625 0.11328125 0.12578125
1 0.90234375 0.63359375 0.10859375 0.12734375
1 0.90703125 0.79453125 0.10078125 0.12421875
1 0.7859375 0.78359375 0.0984375 0.1296875
1 0.7828125 0.478125 0.0984375 0.1359375
1 0.7828125 0.63125 0.10078125 0.12578125
1 0.67734375 0.6296875 0.096875 0.1140625
1 0.6703125 0.48203125 0.090625 0.11796875
1 0.56484375 0.48046875 0.0921875 0.11796875
1 0.56796875 0.62734375 0.08828125 0.115625
1 0.46328125 0.6296875 0.0921875 0.12734375
1 0.46171875 0.48359375 0.0921875 0.11796875
1 0.3546875 0.4828125 0.09453125 0.12265625
1 0.2421875 0.48203125 0.09609375 0.12421875
1 0.23828125 0.6390625 0.103125 0.1359375
1 0.35546875 0.634375 0.10078125 0.12265625
0 0.67421875 0.7734375 0.10078125 0.1359375
0 0.5671875 0.77109375 0.0984375 0.134375
0 0.46171875 0.77734375 0.096875 0.12265625
0 0.3546875 0.78125 0.10703125 0.13125
0 0.2359375 0.790625 0.1109375 0.1296875