1 0.68828125 0.271875 0.13515625 0.17109375
1 0.8546875 0.27734375 0.125 0.159375
1 0.86171875 0.54375 0.1234375 0.18515625
1 0.84921875 0.80078125 0.1234375 0.16484375
1 0.68828125 0.5359375 0.13359375 0.1796875
1 0.68203125 0.803125 0.1359375 0.1765625
0 0.51171875 0.7953125 0.1359375 0.1734375
0 0.33359375 0.79296875 0.13203125 0.16953125
0 0.16171875 0.778125 0.13203125 0.1734375
0 0.334375 0.5296875 0.1421875 0.1796875
0 0.51796875 0.26875 0.13828125 0.1765625
0 0.346875 0.26484375 0.1296875 0.18125
0 0.1828125 0.25625 0.13359375 0.18515625
0 0.1703125 0.5234375 0.1359375 0.18125