1 0.2609375 0.2859375 0.1484375 0.18671875
1 0.41796875 0.2859375 0.134375 0.18671875
1 0.56796875 0.28828125 0.125 0.1796875
1 0.49609375 0.471875 0.14140625 0.1796875
1 0.34140625 0.47265625 0.146875 0.18359375
1 0.26171875 0.66640625 0.15078125 0.20078125
1 0.42109375 0.6625 0.14296875 0.196875
1 0.58125 0.6546875 0.13671875 0.18359375
0 0.70546875 0.29140625 0.1265625 0.171875
0 0.84609375 0.2828125 0.12890625 0.16640625
0 0.7875 0.46171875 0.13984375 0.16796875
0 0.865625 0.63359375 0.1421875 0.1734375
0 0.72109375 0.640625 0.13125 0.1734375
0 0.6453125 0.465625 0.13046875 0.1734375