1 0.17578125 0.29921875 0.1171875 0.10546875
1 0.3625 0.3015625 0.1109375 0.10390625
1 0.55 0.30625 0.103125 0.1078125
1 0.72578125 0.30625 0.109375 0.1109375
1 0.89765625 0.309375 0.09453125 0.10234375
1 0.8953125 0.4625 0.0859375 0.10078125
1 0.90234375 0.62109375 0.09453125 0.10390625
1 0.728125 0.62578125 0.103125 0.10390625
1 0.72578125 0.46796875 0.103125 0.10390625
1 0.5515625 0.63359375 0.10859375 0.109375
1 0.3609375 0.63671875 0.10546875 0.109375
1 0.36796875 0.465625 0.115625 0.109375
1 0.178125 0.47109375 0.1171875 0.1109375
1 0.17734375 0.6375 0.1109375 0.1109375