0 0.1578125 0.36640625 0.1171875 0.12734375
0 0.3171875 0.3671875 0.109375 0.1390625
0 0.47578125 0.36875 0.11484375 0.14296875
0 0.55 0.49921875 0.09921875 0.1109375
0 0.46953125 0.6234375 0.096875 0.14140625
0 0.32109375 0.62421875 0.0984375 0.12578125
0 0.24609375 0.49296875 0.10546875 0.12578125
0 0.16640625 0.62265625 0.1109375 0.1296875
1 0.621875 0.36953125 0.09921875 0.12421875
1 0.76953125 0.37265625 0.10234375 0.12734375
1 0.9125 0.3796875 0.090625 0.13125
1 0.84140625 0.50234375 0.08984375 0.11796875
1 0.90625 0.6203125 0.103125 0.12109375
1 0.76328125 0.61875 0.09453125 0.1359375
1 0.61953125 0.62109375 0.09921875 0.12265625