1 0.1828125 0.7125 0.16640625 0.2078125
1 0.35078125 0.715625 0.1375 0.19296875
1 0.49609375 0.71796875 0.13515625 0.1828125
1 0.64765625 0.7234375 0.140625 0.1859375
1 0.809375 0.72890625 0.14453125 0.1875
1 0.73046875 0.54140625 0.1390625 0.18125
1 0.8109375 0.35546875 0.1390625 0.1875
1 0.65390625 0.35546875 0.14375 0.1859375
1 0.50078125 0.35859375 0.13515625 0.178125
1 0.5734375 0.53828125 0.1375 0.17734375
1 0.27890625 0.52421875 0.14609375 0.178125
1 0.42890625 0.5359375 0.13203125 0.17265625
0 0.359375 0.3578125 0.1359375 0.1796875
0 0.2 0.32734375 0.1609375 0.1796875