1 0.1109375 0.375 0.096875 0.196875
1 0.225 0.36640625 0.09296875 0.21328125
1 0.353125 0.36484375 0.096875 0.20703125
1 0.1203125 0.678125 0.08203125 0.19453125
1 0.23984375 0.6796875 0.084375 0.2015625
0 0.3609375 0.6828125 0.08984375 0.20859375
0 0.478125 0.6828125 0.08984375 0.21875
0 0.603125 0.6875 0.09296875 0.21015625
0 0.7265625 0.68984375 0.0921875 0.225
0 0.86328125 0.7078125 0.103125 0.2234375
0 0.86875 0.3546875 0.0921875 0.2203125
0 0.7390625 0.36484375 0.103125 0.2234375
0 0.6078125 0.36328125 0.10234375 0.2234375
0 0.47890625 0.36171875 0.0984375 0.21640625