1 0.3265625 0.45078125 0.0796875 0.11015625
1 0.41796875 0.4515625 0.0828125 0.109375
1 0.509375 0.4546875 0.084375 0.1140625
1 0.32109375 0.67109375 0.078125 0.1109375
1 0.36875 0.5609375 0.08046875 0.109375
1 0.41015625 0.678125 0.084375 0.11484375
1 0.46015625 0.565625 0.08359375 0.1109375
1 0.503125 0.68125 0.08828125 0.11953125
1 0.553125 0.56875 0.08828125 0.11015625
1 0.603125 0.45625 0.0921875 0.11171875
0 0.7015625 0.45703125 0.0921875 0.11640625
0 0.65 0.57265625 0.090625 0.11640625
0 0.6984375 0.6953125 0.09921875 0.12109375
0 0.59765625 0.68671875 0.090625 0.1140625