1 0.77890625 0.21640625 0.1140625 0.16640625
1 0.71328125 0.3796875 0.1140625 0.1515625
1 0.77578125 0.5265625 0.1078125 0.146875
1 0.65078125 0.53359375 0.1125 0.1453125
1 0.5265625 0.54453125 0.1125 0.1453125
1 0.646875 0.2234375 0.11796875 0.16484375
1 0.5859375 0.38828125 0.115625 0.1484375
1 0.515625 0.2296875 0.11875 0.16875
0 0.38828125 0.24296875 0.12578125 0.16796875
0 0.25234375 0.25234375 0.13125 0.1671875
0 0.4609375 0.39765625 0.11328125 0.14609375
0 0.40234375 0.5546875 0.115625 0.14296875
0 0.27421875 0.56640625 0.1203125 0.15078125
0 0.3296875 0.4109375 0.11796875 0.153125