0 0.51875 0.29453125 0.125 0.14296875
0 0.68046875 0.2796875 0.12109375 0.14609375
0 0.8625 0.26875 0.1421875 0.175
0 0.86328125 0.50703125 0.11328125 0.1609375
0 0.859375 0.7375 0.12578125 0.1546875
0 0.68515625 0.509375 0.121875 0.1609375
0 0.6859375 0.73359375 0.12734375 0.16328125
0 0.515625 0.73515625 0.1109375 0.16953125
1 0.3453125 0.28984375 0.11328125 0.14921875
1 0.17578125 0.296875 0.1171875 0.14296875
1 0.1765625 0.515625 0.13359375 0.1578125
1 0.34453125 0.509375 0.11953125 0.1578125
1 0.34765625 0.74140625 0.12578125 0.16328125
1 0.175 0.746875 0.12578125 0.1734375