1 0.10234375 0.3046875 0.11875 0.1765625
1 0.278125 0.28984375 0.1234375 0.16640625
1 0.465625 0.2859375 0.12734375 0.175
1 0.65234375 0.28671875 0.13125 0.16640625
1 0.65 0.53125 0.12578125 0.1546875
1 0.65078125 0.76796875 0.1171875 0.1609375
1 0.4765625 0.771875 0.1234375 0.15625
1 0.2953125 0.7671875 0.125 0.15625
1 0.2875 0.5390625 0.12109375 0.1515625
1 0.1125 0.540625 0.125 0.1578125
1 0.11875 0.7734375 0.1171875 0.153125
0 0.81953125 0.28203125 0.1171875 0.1609375
0 0.828125 0.53203125 0.125 0.16328125
0 0.821875 0.76328125 0.121875 0.15625