0 0.63359375 0.3140625 0.11953125 0.1
1 0.3875 0.3359375 0.1328125 0.1046875
1 0.521875 0.37890625 0.12578125 0.09765625
1 0.65625 0.41484375 0.12109375 0.09453125
1 0.40859375 0.44609375 0.1296875 0.1
1 0.434375 0.5546875 0.13125 0.09765625
1 0.45859375 0.6609375 0.1296875 0.0984375
1 0.484375 0.7671875 0.13125 0.09921875
1 0.6796875 0.51953125 0.11953125 0.09296875
1 0.7078125 0.621875 0.11953125 0.09453125
1 0.73125 0.728125 0.12109375 0.0984375
1 0.596875 0.69453125 0.1265625 0.096875
1 0.57109375 0.5890625 0.1265625 0.09609375
1 0.54609375 0.484375 0.1234375 0.09609375