1 0.2375 0.3203125 0.1046875 0.1390625
1 0.35625 0.33203125 0.10078125 0.1296875
1 0.4734375 0.3359375 0.09453125 0.1375
1 0.57421875 0.34375 0.0859375 0.1359375
1 0.67734375 0.35078125 0.09453125 0.1375
1 0.79140625 0.353125 0.09296875 0.1375
1 0.9 0.34609375 0.10234375 0.13125
1 0.90078125 0.503125 0.08828125 0.115625
1 0.90625 0.65546875 0.090625 0.11796875
1 0.90625 0.80234375 0.09609375 0.12578125
1 0.7921875 0.79921875 0.09453125 0.11953125
1 0.68515625 0.79609375 0.08984375 0.11796875
1 0.79375 0.64765625 0.10078125 0.12265625
1 0.7921875 0.5015625 0.096875 0.12265625
1 0.68125 0.49609375 0.09453125 0.1125
1 0.67890625 0.64921875 0.08984375 0.115625
1 0.57265625 0.65 0.09453125 0.1140625
1 0.57578125 0.5015625 0.09609375 0.115625
1 0.4671875 0.49921875 0.0859375 0.12421875
1 0.46484375 0.6484375 0.09296875 0.11796875
1 0.35078125 0.49609375 0.10234375 0.1296875
1 0.23671875 0.48984375 0.10859375 0.1359375
1 0.2296875 0.66171875 0.1109375 0.13125
1 0.35546875 0.6578125 0.10546875 0.12265625
0 0.57109375 0.79609375 0.1046875 0.12734375
0 0.4609375 0.80078125 0.09453125 0.12578125
0 0.3484375 0.81484375 0.1125 0.12734375
0 0.23046875 0.83359375 0.1109375 0.14140625