0 0.53125 0.26875 0.08984375 0.21171875
0 0.678125 0.509375 0.09296875 0.221875
0 0.68203125 0.75625 0.1046875 0.225
0 0.52578125 0.75390625 0.10234375 0.24375
0 0.36953125 0.75546875 0.10703125 0.2640625
0 0.37890625 0.48671875 0.0984375 0.25
0 0.3890625 0.2359375 0.0921875 0.2265625
0 0.2375 0.18203125 0.10234375 0.26015625
0 0.2171875 0.46796875 0.10234375 0.26015625
0 0.2015625 0.76328125 0.1109375 0.2703125
1 0.67421875 0.27734375 0.08046875 0.21171875
1 0.825 0.2578125 0.090625 0.18671875
1 0.8328125 0.50234375 0.0984375 0.21484375
1 0.84140625 0.76640625 0.08828125 0.21484375