1 0.3109375 0.115625 0.23203125 0.10078125
0 0.6484375 0.1125 0.2484375 0.09296875
0 0.646875 0.246875 0.25859375 0.10546875
0 0.64375 0.38046875 0.25859375 0.1109375
0 0.63828125 0.51640625 0.26875 0.1109375
0 0.63671875 0.64921875 0.265625 0.11328125
0 0.6265625 0.78515625 0.25234375 0.11328125
0 0.63203125 0.91640625 0.25546875 0.0984375
0 0.26875 0.90859375 0.2484375 0.11328125
0 0.2890625 0.77265625 0.26171875 0.10859375
0 0.29375 0.6390625 0.25859375 0.11875
0 0.29375 0.50390625 0.2453125 0.1109375
0 0.29921875 0.37578125 0.2484375 0.090625
0 0.30390625 0.253125 0.25859375 0.103125