1 0.665625 0.31015625 0.10234375 0.0890625
1 0.66953125 0.446875 0.08984375 0.09765625
1 0.5109375 0.30859375 0.090625 0.10546875
1 0.51640625 0.58515625 0.09609375 0.090625
1 0.3546875 0.30859375 0.0921875 0.09609375
1 0.353125 0.45390625 0.08984375 0.1078125
1 0.3484375 0.59140625 0.09296875 0.1078125
1 0.17734375 0.5890625 0.09609375 0.10234375
1 0.18515625 0.45 0.09921875 0.09921875
1 0.19453125 0.309375 0.096875 0.1078125
0 0.6703125 0.58984375 0.0984375 0.1078125
0 0.82109375 0.30859375 0.09609375 0.0921875
0 0.81953125 0.44609375 0.0921875 0.109375
0 0.8265625 0.58671875 0.096875 0.1109375