0 0.67734375 0.27421875 0.13515625 0.16796875
0 0.86796875 0.27578125 0.14140625 0.17109375
0 0.8609375 0.51640625 0.12890625 0.16953125
0 0.67890625 0.5171875 0.14140625 0.18125
0 0.67890625 0.76171875 0.1296875 0.16328125
0 0.85390625 0.7578125 0.1296875 0.16796875
1 0.5 0.75859375 0.11875 0.1796875
1 0.49453125 0.2765625 0.13515625 0.15625
1 0.3109375 0.28046875 0.13203125 0.16484375
1 0.13046875 0.28671875 0.1375 0.16640625
1 0.13203125 0.52578125 0.12734375 0.16796875
1 0.31484375 0.5265625 0.13359375 0.1734375
1 0.13828125 0.77109375 0.14140625 0.16796875
1 0.31875 0.76328125 0.13359375 0.16328125