0 0.153125 0.38828125 0.096875 0.12734375
0 0.1484375 0.6328125 0.09453125 0.1296875
0 0.22265625 0.51015625 0.0984375 0.11953125
0 0.29453125 0.640625 0.09609375 0.12265625
1 0.29921875 0.39296875 0.10234375 0.12109375
1 0.4453125 0.3984375 0.09921875 0.13125
1 0.5921875 0.4046875 0.0984375 0.12109375
1 0.7375 0.4140625 0.096875 0.1296875
1 0.8859375 0.41484375 0.10546875 0.13125
1 0.8125 0.5421875 0.10078125 0.12265625
1 0.88671875 0.66875 0.0921875 0.11796875
1 0.734375 0.659375 0.10546875 0.1328125
1 0.5875 0.64765625 0.10078125 0.11953125
1 0.5203125 0.528125 0.103125 0.12265625
1 0.440625 0.64453125 0.09921875 0.14296875