1 0.5953125 0.11953125 0.20390625 0.07734375
1 0.2859375 0.13828125 0.19609375 0.0796875
1 0.28828125 0.2578125 0.2046875 0.08046875
0 0.60234375 0.2453125 0.2171875 0.0875
0 0.60859375 0.36875 0.2140625 0.08203125
0 0.61640625 0.49609375 0.2234375 0.090625
0 0.61484375 0.628125 0.221875 0.09140625
0 0.60703125 0.76015625 0.2140625 0.096875
0 0.61875 0.89453125 0.23046875 0.0875
0 0.26875 0.8921875 0.22578125 0.08984375
0 0.28203125 0.75625 0.23046875 0.0875
0 0.28984375 0.628125 0.21953125 0.08984375
0 0.28671875 0.5015625 0.2265625 0.0859375
0 0.284375 0.3796875 0.22578125 0.08984375