1 0.86796875 0.30625 0.10859375 0.11796875
1 0.69296875 0.30625 0.1109375 0.1140625
1 0.69609375 0.465625 0.09921875 0.1078125
1 0.6984375 0.6234375 0.1046875 0.1109375
1 0.51640625 0.62265625 0.1109375 0.10546875
1 0.50859375 0.3046875 0.0984375 0.11796875
1 0.334375 0.3078125 0.109375 0.1109375
1 0.334375 0.47265625 0.10234375 0.11796875
1 0.33125 0.6296875 0.10859375 0.11953125
1 0.14140625 0.6359375 0.1171875 0.109375
1 0.14921875 0.4734375 0.10703125 0.1125
1 0.15234375 0.3078125 0.10546875 0.1109375
0 0.8609375 0.46328125 0.109375 0.11953125
0 0.8703125 0.62421875 0.115625 0.11953125