1 0.1921875 0.60234375 0.15078125 0.1859375
1 0.35546875 0.6234375 0.146875 0.184375
1 0.51796875 0.6390625 0.14140625 0.18984375
1 0.67890625 0.65078125 0.1453125 0.18828125
1 0.84140625 0.66171875 0.146875 0.19296875
1 0.2984375 0.44765625 0.1328125 0.1640625
1 0.4484375 0.459375 0.12890625 0.15703125
1 0.59921875 0.47109375 0.13828125 0.16171875
1 0.75 0.4765625 0.140625 0.16328125
1 0.81328125 0.31953125 0.12890625 0.153125
1 0.66953125 0.31328125 0.1328125 0.1546875
1 0.52734375 0.30859375 0.12734375 0.15
1 0.38671875 0.29921875 0.1265625 0.1515625
0 0.246875 0.28984375 0.13359375 0.14765625