1 0.56171875 0.26015625 0.11015625 0.05625
1 0.684375 0.2734375 0.0953125 0.04765625
1 0.79296875 0.278125 0.08671875 0.04765625
1 0.54140625 0.78125 0.115625 0.04765625
1 0.56015625 0.3234375 0.0953125 0.04765625
1 0.78671875 0.33984375 0.09296875 0.0453125
1 0.7828125 0.4 0.1015625 0.04140625
1 0.66953125 0.39296875 0.0953125 0.04375
1 0.66953125 0.45703125 0.1015625 0.0453125
1 0.7828125 0.51953125 0.1125 0.0453125
1 0.6671875 0.5796875 0.0953125 0.05234375
1 0.66953125 0.646875 0.0953125 0.05625
1 0.78671875 0.64453125 0.0984375 0.05234375
1 0.7859375 0.7078125 0.10703125 0.04375
1 0.7859375 0.77265625 0.10703125 0.05234375
1 0.6671875 0.77578125 0.11875 0.05
1 0.55390625 0.7125 0.11875 0.05390625
1 0.55859375 0.3875 0.10390625 0.0453125
1 0.55859375 0.5140625 0.121875 0.05625
1 0.55546875 0.6453125 0.115625 0.05