0 0.1484375 0.54375 0.08828125 0.18984375
1 0.15390625 0.290625 0.09296875 0.18125
1 0.2921875 0.2984375 0.0859375 0.1796875
1 0.42421875 0.29921875 0.084375 0.175
1 0.55625 0.3109375 0.096875 0.17109375
1 0.68046875 0.3125 0.07578125 0.16796875
1 0.803125 0.3140625 0.08671875 0.16484375
1 0.92578125 0.31953125 0.0765625 0.16796875
1 0.93359375 0.5453125 0.078125 0.15625
1 0.81171875 0.553125 0.09296875 0.16796875
1 0.68359375 0.54921875 0.08671875 0.178125
1 0.5546875 0.5515625 0.096875 0.1828125
1 0.42421875 0.54921875 0.0921875 0.18125
1 0.2890625 0.54609375 0.08984375 0.18515625