0 0.19140625 0.3078125 0.125 0.1078125
0 0.18515625 0.46328125 0.11953125 0.1125
0 0.1765625 0.62265625 0.121875 0.115625
0 0.36796875 0.61953125 0.109375 0.11953125
0 0.5484375 0.61796875 0.11484375 0.115625
0 0.715625 0.61015625 0.10546875 0.1140625
0 0.871875 0.60703125 0.1046875 0.1109375
0 0.85859375 0.4609375 0.10859375 0.10078125
0 0.86875 0.30390625 0.10234375 0.1125
0 0.70703125 0.30703125 0.10234375 0.109375
0 0.70546875 0.46171875 0.0984375 0.115625
0 0.54140625 0.30859375 0.103125 0.1296875
0 0.3703125 0.3078125 0.1125 0.1109375
0 0.36875 0.46484375 0.11328125 0.11953125