0 0.85859375 0.37734375 0.1046875 0.2703125
0 0.8546875 0.66171875 0.1109375 0.25859375
0 0.7265625 0.6546875 0.109375 0.24375
0 0.61328125 0.64765625 0.09921875 0.240625
0 0.73203125 0.37890625 0.103125 0.2640625
0 0.615625 0.38203125 0.10703125 0.2671875
0 0.5 0.3796875 0.1125 0.25546875
0 0.38359375 0.378125 0.1046875 0.26171875
0 0.26171875 0.37890625 0.10859375 0.246875
1 0.14296875 0.36953125 0.1125 0.25234375
1 0.1609375 0.6515625 0.1046875 0.23203125
1 0.271875 0.6421875 0.10078125 0.225
1 0.38828125 0.65078125 0.08828125 0.23359375
1 0.50546875 0.64609375 0.10078125 0.246875