1 0.33515625 0.08671875 0.16875 0.0734375
1 0.55859375 0.07109375 0.1546875 0.0734375
1 0.56640625 0.184375 0.17421875 0.0796875
1 0.3421875 0.2015625 0.16875 0.07421875
1 0.33671875 0.3171875 0.171875 0.07578125
1 0.56328125 0.3109375 0.1640625 0.0765625
0 0.3359375 0.43671875 0.18125 0.078125
0 0.57109375 0.4375 0.178125 0.0796875
0 0.57734375 0.565625 0.18515625 0.0828125
0 0.575 0.70078125 0.1921875 0.090625
0 0.58203125 0.8546875 0.19609375 0.090625
0 0.2953125 0.8515625 0.2015625 0.09453125
0 0.30859375 0.6984375 0.18515625 0.090625
0 0.32734375 0.5640625 0.190625 0.07734375