1 0.871875 0.2234375 0.13359375 0.1796875
1 0.88828125 0.50390625 0.14140625 0.18671875
1 0.87734375 0.778125 0.1375 0.1828125
1 0.6953125 0.78671875 0.14609375 0.1796875
1 0.70234375 0.4984375 0.14765625 0.19453125
1 0.69609375 0.2171875 0.1375 0.18671875
1 0.51015625 0.2140625 0.14375 0.18125
1 0.32421875 0.21796875 0.14765625 0.16796875
1 0.140625 0.2171875 0.14453125 0.1765625
1 0.3171875 0.4984375 0.15234375 0.2015625
1 0.13046875 0.49609375 0.15 0.18671875
1 0.134375 0.7859375 0.14453125 0.18828125
1 0.31953125 0.78203125 0.15 0.178125
1 0.50859375 0.78203125 0.14765625 0.18828125