0 0.14140625 0.36953125 0.07578125 0.175
0 0.2796875 0.36640625 0.090625 0.18125
0 0.415625 0.36484375 0.08046875 0.178125
0 0.5328125 0.378125 0.0828125 0.16484375
0 0.65 0.38125 0.0859375 0.17109375
0 0.775 0.3765625 0.0828125 0.18125
0 0.77890625 0.6015625 0.0859375 0.175
0 0.65546875 0.59609375 0.09609375 0.178125
0 0.534375 0.6015625 0.07578125 0.16796875
0 0.41484375 0.6015625 0.0984375 0.16796875
0 0.2796875 0.6015625 0.090625 0.175
0 0.15234375 0.6 0.0984375 0.18515625
1 0.90625 0.37109375 0.0828125 0.17109375
1 0.91328125 0.5984375 0.0984375 0.18125