1 0.77265625 0.18359375 0.2484375 0.090625
1 0.5140625 0.18671875 0.221875 0.09609375
1 0.5171875 0.34140625 0.20859375 0.0828125
1 0.28203125 0.34140625 0.228125 0.0828125
1 0.26875 0.19921875 0.20859375 0.090625
0 0.759375 0.33671875 0.2484375 0.0984375
0 0.7578125 0.5 0.2453125 0.103125
0 0.759375 0.64765625 0.25546875 0.10546875
0 0.77421875 0.81015625 0.25859375 0.11328125
0 0.49375 0.79609375 0.2421875 0.115625
0 0.221875 0.7796875 0.26171875 0.11875
0 0.26015625 0.62734375 0.23203125 0.1109375
0 0.50390625 0.64140625 0.23515625 0.11328125
0 0.2890625 0.4890625 0.21484375 0.090625