1 0.85546875 0.46796875 0.06484375 0.11875
1 0.790625 0.40859375 0.06484375 0.10625
1 0.85 0.359375 0.0703125 0.0984375
1 0.91640625 0.40625 0.06328125 0.10625
1 0.9078125 0.29140625 0.078125 0.1234375
1 0.196875 0.59296875 0.06015625 0.08046875
1 0.2203125 0.50859375 0.046875 0.08828125
1 0.24609375 0.42265625 0.0515625 0.08359375
1 0.303125 0.4515625 0.05 0.090625
1 0.27734375 0.5359375 0.05859375 0.08828125
1 0.11640625 0.62421875 0.05703125 0.15390625
1 0.03984375 0.54765625 0.06640625 0.14140625
1 0.6859375 0.69609375 0.0953125 0.10078125
1 0.67890625 0.77734375 0.0953125 0.10078125
1 0.6625 0.85390625 0.0953125 0.103125
1 0.64453125 0.93359375 0.0984375 0.11640625
0 0.77 0.37345445312500003 0.8116666671875 0.3456977046875 0.8183333328125 0.247287409375 0.7266666671875 0.2624274546875 0.77 0.37345445312500003
0 0.725 0.47578125 0.06640625 0.13359375
1 0.725 0.3546875 0.06015625 0.103125
0 0.0216666671875 0.3583144078125 0.0633333328125 0.41635124843750004 0.13 0.307847590625 0.0866666671875 0.2649507953125 0.0216666671875 0.3583144078125
0 0.0783333328125 0.2725208171875 0.0566666671875 0.224577340625 0 0.31794095312500004 0.0183333328125 0.35579106718750003 0.0783333328125 0.2725208171875
0 0.5366666671875 0.069391875 0.5133333328125 0.12869038593749998 0.545 0.164017159375 0.5700000000000001 0.1085036578125 0.5366666671875 0.069391875
0 0.4766666671875 0.080746909375 0.5083333328124999 0.1211203640625 0.5366666671875 0.0656068640625 0.5 0.0353267734375 0.4766666671875 0.080746909375
0 0.3866666671875 0.36083775 0.40499999999999997 0.42139793125 0.4966666671875 0.36083775 0.4733333328125 0.2876608625 0.3866666671875 0.36083775
0 0.48 0.3028009078125 0.5 0.363361090625 0.585 0.3002775671875 0.55 0.229624021875 0.48 0.3028009078125
0 0.40499999999999997 0.423921271875 0.4216666671875 0.48700479375 0.5183333328125 0.4188745890625 0.495 0.36588443125 0.40499999999999997 0.423921271875
0 0.4966666671875 0.36840777187499996 0.52 0.428967953125 0.6016666671875 0.363361090625 0.5783333328125 0.3053242484375 0.4966666671875 0.36840777187499996
0 0.515 0.42139793125 0.5133333328125 0.428967953125 0.53 0.48700479375 0.625 0.4188745890625 0.6033333328125 0.36588443125 0.515 0.42139793125
1 0.4233333328125 0.5021448390625001 0.44666666718750003 0.5526116578125 0.53 0.4920514765625 0.5133333328125 0.4264446125 0.4233333328125 0.5021448390625001
1 0.44333333281250004 0.5652283625 0.465 0.623265203125 0.5566666671875 0.545041634375 0.5283333328125 0.4819581125 0.44333333281250004 0.5652283625
1 0.46666666718750005 0.628311884375 0.48666666718749996 0.67120868125 0.58 0.6056018171875001 0.55 0.547564975 0.46666666718750005 0.628311884375
1 0.5383333328125001 0.49457481718749996 0.5583333328125 0.5526116578125 0.645 0.484481453125 0.6216666671875 0.428967953125 0.5383333328125001 0.49457481718749996
1 0.5616666671874999 0.56018168125 0.585 0.6106484984375 0.6599999999999999 0.5374716125 0.6366666671875 0.484481453125 0.5616666671874999 0.56018168125
1 0.05500000000000001 0.206913953125 0.048333332812500004 0.206913953125 0.0883333328125 0.2624274546875 0.1633333328125 0.169063840625 0.11499999999999999 0.1211203640625 0.05500000000000001 0.206913953125
1 0.1616666671875 0.15897047656250002 0.1866666671875 0.206913953125 0.265 0.090840271875 0.2233333328125 0.058036840624999995 0.1616666671875 0.15897047656250002
1 0.1183333328125 0.11102700000000001 0.15 0.164017159375 0.22833333281249998 0.050466818749999996 0.1883333328125 0.0151400453125 0.1183333328125 0.11102700000000001
1 0.02 0.174110521875 0.0516666671875 0.2170073171875 0.12 0.113550340625 0.0716666671875 0.0706535453125 0.02 0.174110521875
0 0.1633333328125 0.6459752703125 0.1833333328125 0.797375725 0.2483333328125 0.7494322484375 0.22833333281249998 0.6459752703125 0.1633333328125 0.6459752703125
0 0.1483333328125 0.7166288171875 0.12 0.7570022703125 0.1266666671875 0.8831693171874999 0.175 0.90335604375 0.2 0.8074690890625 0.1483333328125 0.7166288171875
0 0.075 0.6409285890625 0.0416666671875 0.6636386578125 0.05 0.79232904375 0.10166666718749999 0.817562453125 0.1166666671875 0.7040121125 0.075 0.6409285890625
0 0.2533333328125 0.5803684078125 0.2416666671875 0.5828917484375 0.2216666671875 0.6384052484375 0.25666666718750003 0.6913954078125 0.29500000000000004 0.6156951796875 0.2533333328125 0.5803684078125
0 0.7566666671875 0.8301791578125 0.8016666671875001 0.8730759515625 0.8616666671875001 0.734292203125 0.8150000000000001 0.6964420890625 0.7566666671875 0.8301791578125
0 0.725 0.789805703125 0.7533333328125 0.8301791578125 0.8099999999999999 0.701488771875 0.77 0.656068634375 0.725 0.789805703125
0 0.77 0.6484986125 0.8150000000000001 0.6989654296875 0.8699999999999999 0.56018168125 0.8216666671875 0.5324249296875 0.77 0.6484986125
0 0.8216666671875 0.683825384375 0.8566666671875 0.7241988390625 0.915 0.6056018171875001 0.8683333328125 0.5702750437499999 0.8216666671875 0.683825384375
0 0.8616666671875001 0.734292203125 0.8966666671875 0.7822356796875 0.9533333328125 0.6358819078125 0.915 0.6056018171875001 0.8616666671875001 0.734292203125
1 0.8516666671875001 0.9134494078125 0.8883333328124999 0.9563462015624999 0.9483333328124999 0.8099924296875001 0.8983333328124999 0.7771889984375 0.8516666671875001 0.9134494078125
1 0.9099999999999999 0.7721423171875 0.95 0.8150391125 1 0.6964420890625 0.9533333328125 0.6434519296875 0.9099999999999999 0.7721423171875
1 0.8099999999999999 0.8831693171874999 0.8516666671875001 0.9184960890625 0.8949999999999999 0.7721423171875 0.865 0.741862225 0.8099999999999999 0.8831693171874999
1 1 0.20943729531250002 0.945 0.22710068125 0.945 0.23719404531250002 0.95 0.31289427187499996 1 0.31037093125 1 0.20943729531250002
1 1 0.3028009078125 0.9533333328125 0.3482210453125 0.9633333328125 0.42139793125 1 0.3885944984375 1 0.3028009078125
1 0.635 0.19429725 0.7166666671875 0.2624274546875 0.7616666671875 0.201867271875 0.6633333328125001 0.1236437046875 0.635 0.19429725
1 0.7833333328125 0.13878375 0.6900000000000001 0.0479434765625 0.6633333328125001 0.1185970234375 0.6616666671875 0.1211203640625 0.7466666671875 0.20439061249999999 0.7833333328125 0.13878375
1 0.7216666671875 0 0.6966666671875 0.030280090625 0.7849999999999999 0.1261670453125 0.8099999999999999 0.0731768859375 0.7216666671875 0
1 0.6900000000000001 0.333081 0.71 0.2624274546875 0.628553203125 0.20439883281250001 0.6083333328125 0.27504415781249997 0.6900000000000001 0.333081
0 0.5833333328125 0.335604340625 0.6599999999999999 0.4062578859375 0.6900000000000001 0.335604340625 0.6033333328125 0.2649507953125 0.5833333328125 0.335604340625
1 0.03984375 0.89453125 0.053125 0.08828125
0 0.43333333281249997 0.9058793843749999 0.46666666718750005 0.9538228609375 0.5266666671875 0.8427958609375 0.48166666718749995 0.8074690890625 0.43333333281249997 0.9058793843749999
0 0.395 0.84784254375 0.425 0.9058793843749999 0.485 0.8024224078125 0.44666666718750003 0.762048953125 0.395 0.84784254375
0 0.4266666671875 0.7166288171875 0.3483333328125 0.7998990671875 0.38333333281250004 0.845319203125 0.3866666671875 0.845319203125 0.45 0.7721423171875 0.4266666671875 0.7166288171875
1 0.325 0.7595256109374999 0.3516666671875 0.794852384375 0.425 0.6964420890625 0.385 0.651021953125 0.325 0.7595256109374999
1 0.275 0.6964420890625 0.315 0.7494322484375 0.385 0.651021953125 0.35 0.618218521875 0.275 0.6964420890625
1 0.225 0.8377491796875001 0.2616666671875 0.8680292703125 0.3183333328125 0.7721423171875 0.2683333328125 0.7267221796875 0.225 0.8377491796875001
1 0.26 0.8907393390625 0.29 0.9235427703125 0.36 0.8226091343749999 0.3166666671875 0.7822356796875 0.26 0.8907393390625
1 0.2966666671875 0.928589453125 0.3266666671875 0.96896290625 0.39 0.8680292703125 0.3566666671875 0.8327024984375001 0.2966666671875 0.928589453125
1 0.3333333328125 0.9740095890625 0.3533333328125 1 0.425 0.928589453125 0.39 0.8730759515625 0.3333333328125 0.9740095890625
1 0.57890625 0.0375 0.04140625 0.05078125
0 0.9640625 0.1640625 0.06171875 0.090625
0 0.40833333281249995 0.545041634375 0.365 0.600555134375 0.43166666718749996 0.701488771875 0.46333333281250005 0.6686853390625 0.40833333281249995 0.545041634375
0 0.2816666671875 0.3002775671875 0.2733333328125 0.36083775 0.3333333328125 0.41382790781249995 0.3716666671875 0.35579106718750003 0.2816666671875 0.3002775671875
1 0.36833333281249997 0.34065102187499996 0.3883333328125 0.2927075453125 0.315 0.2397173859375 0.3016666671875 0.2977542265625 0.36833333281249997 0.34065102187499996
1 0.39 0.2952308859375 0.41500000000000004 0.23719404531250002 0.3325 0.1816805453125 0.3183333328125 0.2397173859375 0.39 0.2952308859375
1 0.42000000000000004 0.23214736406249997 0.43666666718749997 0.17915720468750002 0.36 0.1211203640625 0.3433333328125 0.1766338625 0.42000000000000004 0.23214736406249997
1 0.43166666718749996 0.17158718125 0.45999999999999996 0.1085036578125 0.4 0.0479434765625 0.365 0.1185970234375 0.43166666718749996 0.17158718125
1 0.2833333328125 0.0454201359375 0.3533333328125 0.1009336359375 0.37666666718749997 0.05551350000000001 0.3066666671875 0 0.2833333328125 0.0454201359375
1 0.325 0.1665405 0.3566666671875 0.11607368124999999 0.28500000000000003 0.052990159375 0.2483333328125 0.09841029531249999 0.325 0.1665405
1 0.2316666671875 0.164017159375 0.2966666671875 0.229624021875 0.3263800421875 0.1846378359375 0.25166666718749997 0.10471864687500002 0.2316666671875 0.164017159375
1 0.2066666671875 0.23214736406249997 0.185 0.28513752187499997 0.2533333328125 0.3456977046875 0.2783333328125 0.2927075453125 0.2066666671875 0.23214736406249997
1 0.2383333328125 0.17158718125 0.23500000000000001 0.174110521875 0.20833333281250002 0.23214736406249997 0.275 0.3002775671875 0.305 0.2346707046875 0.2383333328125 0.17158718125
1 0.575 0.19140625 0.05 0.07578125
1 0.62890625 0.06796875 0.04140625 0.0703125
1 0.546875 0.0171875 0.05 0.034375
0 0.51171875 0.21171875 0.05 0.065625
1 0.2216666671875 0.9210194296875001 0.155 0.9714862468750001 0.1633333328125 1 0.2366666671875 0.9815796109375 0.2216666671875 0.9210194296875001
1 0.57421875 0.7796875 0.04140625 0.05546875
1 0.6078125 0.74296875 0.04140625 0.0578125
0 0.58203125 0.68671875 0.03671875 0.0609375
0 0.61484375 0.65 0.03359375 0.0578125
0 0.4783333328125 0.6913954078125 0.525 0.7771889984375 0.5666666671875 0.714105475 0.5333333328125 0.6459752703125 0.4783333328125 0.6913954078125