1 0.13125 0.18046875 0.20078125 0.28984375
1 0.37421875 0.178125 0.1875 0.271875
1 0.5890625 0.17265625 0.203125 0.26953125
1 0.8328125 0.16015625 0.16796875 0.271875
1 0.84765625 0.50234375 0.21875 0.2921875
1 0.6109375 0.50546875 0.1859375 0.2765625
1 0.3640625 0.5046875 0.2171875 0.2828125
1 0.12734375 0.5015625 0.1796875 0.28515625
1 0.13359375 0.84453125 0.175 0.2765625
1 0.36484375 0.83984375 0.209375 0.28046875
1 0.61640625 0.834375 0.19609375 0.2921875
0 0.859375 0.8484375 0.2125 0.30234375