0 0.41015625 0.209375 0.16328125 0.1078125
0 0.59453125 0.2140625 0.153125 0.1046875
0 0.615625 0.3140625 0.1609375 0.09140625
0 0.6 0.40859375 0.16328125 0.08828125
0 0.59765625 0.50703125 0.16328125 0.09609375
0 0.60078125 0.60390625 0.165625 0.08671875
0 0.6 0.6953125 0.16328125 0.08359375
0 0.59453125 0.7921875 0.15703125 0.08828125
0 0.40390625 0.7875 0.159375 0.09765625
0 0.40546875 0.6890625 0.15703125 0.09609375
0 0.4078125 0.59375 0.16328125 0.08671875
0 0.4109375 0.50390625 0.17734375 0.103125
0 0.4140625 0.4078125 0.17578125 0.08359375
0 0.4109375 0.31015625 0.16953125 0.08828125