0 0.1890625 0.1515625 0.1078125 0.16015625
0 0.3046875 0.14609375 0.09765625 0.1515625
1 0.1890625 0.32265625 0.09765625 0.14140625
1 0.18828125 0.49296875 0.103125 0.14296875
0 0.3109375 0.490625 0.0953125 0.13828125
0 0.30859375 0.31796875 0.09296875 0.14296875
0 0.4265625 0.31484375 0.09765625 0.15703125
0 0.428125 0.4828125 0.1 0.1484375
0 0.4203125 0.1390625 0.09921875 0.1546875
0 0.54765625 0.3078125 0.0953125 0.1484375
0 0.546875 0.48203125 0.096875 0.15
0 0.5421875 0.14296875 0.1 0.13984375
0 0.65859375 0.1359375 0.1 0.1546875
0 0.7796875 0.13515625 0.09921875 0.15
0 0.66171875 0.31328125 0.09453125 0.13671875
0 0.7796875 0.309375 0.09765625 0.13828125
0 0.6640625 0.47890625 0.09921875 0.1484375
0 0.7875 0.4734375 0.10078125 0.146875
0 0.190625 0.6625 0.09921875 0.13828125
0 0.3109375 0.66171875 0.09453125 0.13984375
0 0.428125 0.6546875 0.0953125 0.146875
0 0.54921875 0.65078125 0.10078125 0.14140625
0 0.66640625 0.65546875 0.08984375 0.14140625
0 0.7890625 0.64765625 0.096875 0.1484375
0 0.196875 0.83671875 0.1 0.146875
0 0.3140625 0.82890625 0.09296875 0.1484375
0 0.4375 0.83046875 0.0875 0.1453125
0 0.55078125 0.8296875 0.09921875 0.146875
0 0.67109375 0.82421875 0.0953125 0.1453125
0 0.7890625 0.82421875 0.096875 0.1453125