1 0.34140625 0.340625 0.04765625 0.09765625
1 0.396875 0.37890625 0.04453125 0.10234375
1 0.30703125 0.42421875 0.04921875 0.09140625
1 0.36015625 0.46484375 0.04921875 0.09609375
1 0.42578125 0.50546875 0.04609375 0.10234375
1 0.38828125 0.590625 0.04921875 0.09765625
1 0.3328125 0.54609375 0.04453125 0.10234375
1 0.26953125 0.5046875 0.04921875 0.09609375
1 0.23359375 0.5859375 0.04921875 0.09765625
1 0.2921875 0.62578125 0.04609375 0.10234375
1 0.35546875 0.67734375 0.04609375 0.115625
1 0.3140625 0.76328125 0.04609375 0.11328125
1 0.25390625 0.715625 0.04765625 0.115625
1 0.19375 0.6671875 0.0546875 0.1046875
0 0.4578125 0.41015625 0.059375 0.09765625