1 0.33203125 0.675 0.07265625 0.12890625
1 0.4328125 0.6796875 0.06953125 0.13359375
1 0.5375 0.68828125 0.08046875 0.1203125
1 0.6390625 0.68984375 0.0828125 0.12265625
1 0.73515625 0.6953125 0.06796875 0.11171875
1 0.73671875 0.84765625 0.07421875 0.11796875
1 0.63984375 0.85546875 0.0875 0.10703125
1 0.5328125 0.84296875 0.084375 0.11328125
1 0.42890625 0.84765625 0.09375 0.11796875
1 0.32578125 0.84296875 0.07265625 0.11796875
0 0.32109375 0.3109375 0.07109375 0.12265625
0 0.346875 0.14140625 0.07890625 0.12734375
0 0.4453125 0.171875 0.06796875 0.13359375
0 0.421875 0.33984375 0.0859375 0.140625
0 0.51640625 0.36953125 0.08203125 0.13359375
0 0.61953125 0.4109375 0.065625 0.109375
0 0.7203125 0.45234375 0.08046875 0.13359375
0 0.74140625 0.27890625 0.0921875 0.10234375
0 0.64453125 0.2484375 0.065625 0.11328125
0 0.54453125 0.20625 0.07265625 0.11796875