1 0.540625 0.5484375 0.0890625 0.128125
1 0.52265625 0.7453125 0.07890625 0.13046875
1 0.66796875 0.78828125 0.0765625 0.1234375
1 0.81484375 0.82890625 0.07890625 0.12109375
1 0.83046875 0.6390625 0.075 0.128125
1 0.6828125 0.5953125 0.0890625 0.11875
1 0.70703125 0.403125 0.08203125 0.11640625
1 0.85234375 0.44140625 0.090625 0.11875
1 0.5609375 0.36484375 0.07890625 0.11875
1 0.58125 0.16875 0.08203125 0.1234375
1 0.72578125 0.209375 0.08203125 0.11171875
0 0.87109375 0.2546875 0.090625 0.128125