1 0.4796875 0.25234375 0.1453125 0.1
1 0.48203125 0.35 0.15625 0.1
1 0.48359375 0.45234375 0.16171875 0.1046875
1 0.4859375 0.5609375 0.175 0.11328125
1 0.70078125 0.36328125 0.18125 0.09140625
1 0.709375 0.4453125 0.1734375 0.0953125
1 0.71953125 0.54921875 0.1765625 0.09296875
0 0.2671875 0.2203125 0.16015625 0.1421875
0 0.253125 0.31875 0.1734375 0.13125
0 0.2484375 0.41640625 0.16015625 0.1265625
0 0.2375 0.53828125 0.16953125 0.12890625
0 0.22734375 0.66015625 0.17265625 0.1421875
0 0.6984375 0.26484375 0.175 0.115625
0 0.48828125 0.68359375 0.1859375 0.121875
0 0.73046875 0.66484375 0.18828125 0.13359375