1 0.26171875 0.23359375 0.19609375 0.12734375
1 0.265625 0.36953125 0.19921875 0.1359375
1 0.26484375 0.5078125 0.19765625 0.1140625
1 0.265625 0.63671875 0.19921875 0.125
1 0.26484375 0.77421875 0.19765625 0.11875
1 0.49765625 0.7640625 0.1875 0.14765625
1 0.49765625 0.63359375 0.19609375 0.11875
1 0.49375 0.4984375 0.1859375 0.1296875
1 0.49765625 0.35859375 0.1875 0.11875
1 0.5015625 0.2265625 0.203125 0.11875
1 0.73359375 0.221875 0.2046875 0.13203125
0 0.7328125 0.36484375 0.1828125 0.12734375
0 0.73515625 0.4984375 0.184375 0.125
0 0.734375 0.63515625 0.1828125 0.13203125
0 0.73359375 0.778125 0.175 0.1359375