1 0.28828125 0.2203125 0.11171875 0.16484375
1 0.409375 0.23203125 0.10234375 0.16953125
1 0.52265625 0.2265625 0.10390625 0.1734375
1 0.5171875 0.4359375 0.09765625 0.17890625
1 0.40234375 0.43046875 0.10390625 0.16796875
1 0.28671875 0.42734375 0.1109375 0.16796875
1 0.278125 0.6265625 0.11171875 0.1921875
1 0.39765625 0.6390625 0.10234375 0.1921875
1 0.51328125 0.64609375 0.10859375 0.18203125
1 0.63125 0.64921875 0.11875 0.1890625
0 0.64296875 0.23359375 0.11875 0.18046875
0 0.63984375 0.4421875 0.125 0.1875
0 0.76328125 0.44296875 0.12109375 0.203125
0 0.7546875 0.6609375 0.115625 0.19765625
0 0.76640625 0.240625 0.115625 0.1875