1 0.7070707078125 0.52043779375 0.6714200828125 0.6097833359375 0.7739156281249999 0.7594371234375 0.81847890625 0.69689524375 0.7070707078125 0.52043779375
1 0.7040998218750001 0.364083090625 0.6684491984375 0.4556622734375 0.779857396875 0.600848784375 0.8155080218749999 0.5025686859375 0.7040998218750001 0.364083090625
1 0.711527034375 0.1898592796875 0.6758764125 0.261335715625 0.772430184375 0.44002680312500003 0.8125371359375 0.3596158125 0.711527034375 0.1898592796875
1 0.592691621875 0.187625640625 0.5525846703124999 0.2591020765625 0.653594771875 0.448961359375 0.7085561499999999 0.3529149 0.592691621875 0.187625640625
1 0.65656565625 0.6097833359375 0.7026143796875 0.5159705156250001 0.5867498515625 0.357382175 0.5392156859375 0.44002680312500003 0.65656565625 0.6097833359375
1 0.6298276875 0.7616707609375 0.7085561499999999 0.716997990625 0.6045751640625 0.52043779375 0.5362448 0.600848784375 0.6298276875 0.7616707609375
1 0.46939988125000004 0.19209291875 0.432263815625 0.2591020765625 0.5362448 0.44449408124999995 0.5852644078125 0.35068126093749996 0.46939988125000004 0.19209291875
0 0.3594771234375 0.19656019687499998 0.3089720734375 0.272503909375 0.41740938749999995 0.44226044218749994 0.4708853234375 0.357382175 0.3594771234375 0.19656019687499998
0 0.46939988125000004 0.3707840078125 0.42483660156249997 0.4578959109375 0.531788471875 0.6097833359375 0.5897207375 0.5137368765625 0.46939988125000004 0.3707840078125
0 0.41740938749999995 0.6030824203125 0.524361259375 0.7639044 0.5852644078125 0.7035961578125 0.4708853234375 0.5316059859375 0.41740938749999995 0.6030824203125
0 0.34759358281249997 0.3596158125 0.3045157453125 0.4377931640625 0.40849673124999997 0.6109001578125001 0.47682709531249995 0.5182041546875 0.34759358281249997 0.3596158125
0 0.22133095625000002 0.1987938359375 0.173796790625 0.2836721 0.29708853281250003 0.44002680312500003 0.3490790265625 0.35068126093749996 0.22133095625000002 0.1987938359375
0 0.218360071875 0.3663167296875 0.1886512171875 0.464596828125 0.2926322046875 0.6131337953125 0.3550207953125 0.5182041546875 0.218360071875 0.3663167296875
0 0.2243018421875 0.529372346875 0.1812240046875 0.6231851703125 0.294117646875 0.7661380390625 0.35056446874999997 0.70136251875 0.2243018421875 0.529372346875
0 0.44117647031249996 0.6455215546875 0.3550207953125 0.5338396234375 0.311942959375 0.6254188078125 0.40106951874999996 0.7683716781250001 0.472370765625 0.7415680140625 0.44117647031249996 0.6455215546875