1 0.19296875 0.421875 0.10078125 0.1484375
1 0.2984375 0.39140625 0.0953125 0.17734375
1 0.39921875 0.37265625 0.08046875 0.15703125
1 0.59609375 0.3296875 0.084375 0.1484375
1 0.78671875 0.27734375 0.09375 0.128125
1 0.8125 0.42109375 0.0890625 0.15078125
1 0.77265625 0.72265625 0.10703125 0.1125
0 0.69140625 0.31328125 0.084375 0.14140625
0 0.49609375 0.35 0.0890625 0.14375
0 0.715625 0.45546875 0.0859375 0.134375
0 0.8421875 0.565625 0.10078125 0.1390625
0 0.875 0.70625 0.0890625 0.1234375
0 0.740625 0.59609375 0.096875 0.128125
0 0.6171875 0.47734375 0.09375 0.13671875
0 0.51796875 0.5046875 0.090625 0.134375
0 0.41640625 0.53671875 0.0875 0.1390625
0 0.31875 0.55703125 0.096875 0.1390625
0 0.22421875 0.7421875 0.09765625 0.13671875
0 0.24921875 0.9078125 0.0921875 0.1640625
0 0.3359375 0.7171875 0.0859375 0.14609375
0 0.44140625 0.68828125 0.09765625 0.13671875
0 0.54140625 0.653125 0.0875 0.1484375
0 0.640625 0.6265625 0.090625 0.14375
0 0.6671875 0.77578125 0.0953125 0.11875
0 0.56484375 0.80703125 0.10390625 0.1328125
0 0.4578125 0.83203125 0.0953125 0.13671875
0 0.35390625 0.87421875 0.090625 0.15078125
1 0.209375 0.578125 0.10390625 0.14140625