1 0.2625 0.22734375 0.1203125 0.16953125
1 0.3875 0.22734375 0.10703125 0.1828125
1 0.265625 0.41328125 0.10703125 0.18046875
1 0.38671875 0.41875 0.10234375 0.1734375
1 0.51171875 0.4140625 0.11171875 0.1828125
1 0.2671875 0.596875 0.10703125 0.16953125
1 0.26953125 0.77734375 0.11171875 0.1734375
1 0.3890625 0.596875 0.10390625 0.16953125
1 0.5140625 0.59609375 0.10703125 0.15859375
1 0.50703125 0.77734375 0.10546875 0.178125
1 0.38671875 0.77578125 0.11171875 0.16953125
0 0.5078125 0.22578125 0.115625 0.17578125
0 0.628125 0.23046875 0.10390625 0.18046875
0 0.75703125 0.23046875 0.1171875 0.18046875
0 0.63203125 0.41640625 0.11171875 0.16015625
0 0.7546875 0.41796875 0.115625 0.15859375
0 0.62890625 0.59296875 0.10546875 0.16953125
0 0.7546875 0.59140625 0.10390625 0.171875
0 0.753125 0.77421875 0.11015625 0.17578125
0 0.62734375 0.7765625 0.10546875 0.1671875