1 0.19375 0.584375 0.1234375 0.20234375
0 0.21875 0.3921875 0.1234375 0.1625
0 0.246875 0.1921875 0.128125 0.1859375
0 0.39765625 0.23046875 0.1140625 0.184375
0 0.36953125 0.42421875 0.13359375 0.18203125
0 0.34296875 0.62578125 0.11875 0.18984375
0 0.49921875 0.6578125 0.13671875 0.18984375
0 0.64921875 0.6984375 0.13046875 0.19609375
0 0.80390625 0.72890625 0.13671875 0.178125
0 0.834375 0.53046875 0.12890625 0.1703125
0 0.85625 0.33359375 0.146875 0.1640625
0 0.70625 0.30703125 0.13828125 0.17421875
0 0.68125 0.50078125 0.12890625 0.178125
0 0.525 0.4578125 0.13203125 0.18984375
0 0.55703125 0.26328125 0.13359375 0.1859375