1 0.3390625 0.20859375 0.07265625 0.1
1 0.33203125 0.3609375 0.0859375 0.1046875
1 0.3171875 0.66484375 0.08515625 0.11328125
1 0.32265625 0.509375 0.0875 0.10859375
1 0.3109375 0.8203125 0.07890625 0.11328125
1 0.47421875 0.2296875 0.0734375 0.103125
1 0.46484375 0.375 0.07734375 0.11015625
1 0.46015625 0.521875 0.075 0.1203125
1 0.4546875 0.6734375 0.0765625 0.11328125
1 0.44765625 0.82265625 0.0875 0.11796875
1 0.603125 0.23984375 0.06875 0.103125
1 0.59921875 0.390625 0.07890625 0.1015625
1 0.5953125 0.534375 0.07734375 0.1046875
1 0.590625 0.6796875 0.0859375 0.11015625
1 0.5875 0.8359375 0.0875 0.11484375
1 0.7359375 0.26015625 0.07734375 0.11015625
1 0.7328125 0.40234375 0.08515625 0.10859375
1 0.72578125 0.5453125 0.0859375 0.11328125
1 0.728125 0.6890625 0.0890625 0.1046875
1 0.73203125 0.846875 0.09140625 0.11328125
1 0.8671875 0.55 0.0828125 0.103125
1 0.8734375 0.69921875 0.09609375 0.11171875
1 0.88515625 0.85703125 0.0921875 0.11640625
0 0.8625 0.2625 0.07734375 0.10859375
0 0.86015625 0.4125 0.08984375 0.11171875